Epoch: 19
20201106_152817
Accuracy: 0.8116128459900639
Classification Report:
              precision    recall  f1-score   support

           0       0.87      0.85      0.86      9711
           1       0.95      0.74      0.83      7458
           2       0.75      0.91      0.82      2754
           3       0.70      0.76      0.73      2421
           4       0.14      0.88      0.24       200

    accuracy                           0.81     22544
   macro avg       0.68      0.83      0.70     22544
weighted avg       0.86      0.81      0.83     22544

Confusion Matrix:
[[8226   78  510  694  203]
 [1145 5539  294  111  369]
 [  66    0 2507    5  176]
 [   0  223   11 1849  338]
 [   0    0   24    0  176]]
