Epoch: 162
20201115_023201
Accuracy: 0.8902590489709014
Classification Report:
              precision    recall  f1-score   support

           0       0.94      0.90      0.92      9711
           1       0.78      0.81      0.79      2421
           2       0.93      0.94      0.93      7458
           3       0.22      0.81      0.35       200
           4       0.92      0.80      0.86      2754

    accuracy                           0.89     22544
   macro avg       0.76      0.85      0.77     22544
weighted avg       0.91      0.89      0.90     22544

Confusion Matrix:
[[8723  432  167  232  157]
 [   1 1953  370   85   12]
 [ 299  121 7024   12    2]
 [  20    7    2  163    8]
 [ 272    6   18  251 2207]]
