Epoch: 101
20201115_022143
Accuracy: 0.8908356990773598
Classification Report:
              precision    recall  f1-score   support

           0       0.94      0.89      0.91      9711
           1       0.72      0.81      0.76      2421
           2       0.94      0.94      0.94      7458
           3       0.27      0.78      0.41       200
           4       0.90      0.84      0.87      2754

    accuracy                           0.89     22544
   macro avg       0.75      0.85      0.78     22544
weighted avg       0.90      0.89      0.90     22544

Confusion Matrix:
[[8656  612  164   72  207]
 [  51 1953  295   89   33]
 [ 294  117 7017   22    8]
 [  25    7    0  156   12]
 [ 201    6   17  229 2301]]
