Epoch: 115
20201115_022405
Accuracy: 0.8913679914833215
Classification Report:
              precision    recall  f1-score   support

           0       0.94      0.89      0.92      9711
           1       0.77      0.81      0.79      2421
           2       0.90      0.94      0.92      7458
           3       0.37      0.80      0.50       200
           4       0.89      0.84      0.86      2754

    accuracy                           0.89     22544
   macro avg       0.77      0.85      0.80     22544
weighted avg       0.90      0.89      0.89     22544

Confusion Matrix:
[[8651  443  346   57  214]
 [  28 1965  329   59   40]
 [ 298  124 7016   13    7]
 [  19    9    1  159   12]
 [ 183    8  113  146 2304]]
