Epoch: 682
20201115_044631
Accuracy: 0.8918559261887864
Classification Report:
              precision    recall  f1-score   support

           0       0.91      0.93      0.92      9711
           1       0.84      0.87      0.86      2421
           2       0.94      0.90      0.92      7458
           3       0.35      0.75      0.48       200
           4       0.82      0.77      0.80      2754

    accuracy                           0.89     22544
   macro avg       0.77      0.84      0.79     22544
weighted avg       0.90      0.89      0.89     22544

Confusion Matrix:
[[9000  314  201   36  160]
 [   9 2109  212   84    7]
 [ 304   72 6731   77  274]
 [  22    7   12  150    9]
 [ 515    7   37   79 2116]]
