Epoch: 819
20201115_050906
Accuracy: 0.8925656493967353
Classification Report:
              precision    recall  f1-score   support

           0       0.91      0.93      0.92      9711
           1       0.83      0.88      0.85      2421
           2       0.94      0.90      0.92      7458
           3       0.42      0.74      0.54       200
           4       0.83      0.75      0.79      2754

    accuracy                           0.89     22544
   macro avg       0.78      0.84      0.80     22544
weighted avg       0.90      0.89      0.89     22544

Confusion Matrix:
[[9058  340  171   36  106]
 [  16 2122  213   64    6]
 [ 306   92 6715   35  310]
 [  24    9   10  148    9]
 [ 582    8   17   68 2079]]
