Epoch: 887
20201115_052018
Accuracy: 0.8928317955997161
Classification Report:
              precision    recall  f1-score   support

           0       0.91      0.93      0.92      9711
           1       0.83      0.87      0.85      2421
           2       0.95      0.90      0.92      7458
           3       0.36      0.75      0.49       200
           4       0.82      0.77      0.79      2754

    accuracy                           0.89     22544
   macro avg       0.77      0.84      0.79     22544
weighted avg       0.90      0.89      0.89     22544

Confusion Matrix:
[[9027  353  166   42  123]
 [  15 2117  195   88    6]
 [ 303   59 6725   53  318]
 [  25    7    9  150    9]
 [ 547    8    5   85 2109]]
