Epoch: 963
20201115_053249
Accuracy: 0.8930092264017033
Classification Report:
              precision    recall  f1-score   support

           0       0.91      0.93      0.92      9711
           1       0.83      0.87      0.85      2421
           2       0.95      0.90      0.92      7458
           3       0.38      0.72      0.50       200
           4       0.82      0.75      0.79      2754

    accuracy                           0.89     22544
   macro avg       0.78      0.84      0.80     22544
weighted avg       0.90      0.89      0.89     22544

Confusion Matrix:
[[9067  331  166   45  102]
 [  31 2117  189   76    8]
 [ 302   72 6727   31  326]
 [  23   15   10  144    8]
 [ 576   10    9   82 2077]]
