Epoch: 746
20201115_045704
Accuracy: 0.8987313697657914
Classification Report:
              precision    recall  f1-score   support

           0       0.91      0.94      0.93      9711
           1       0.86      0.87      0.87      2421
           2       0.94      0.91      0.92      7458
           3       0.39      0.74      0.51       200
           4       0.84      0.76      0.80      2754

    accuracy                           0.90     22544
   macro avg       0.79      0.84      0.81     22544
weighted avg       0.90      0.90      0.90     22544

Confusion Matrix:
[[9154  244  177   40   96]
 [  19 2108  197   89    8]
 [ 311   72 6755   29  291]
 [  25    9    9  149    8]
 [ 568    8   11   72 2095]]
