Epoch: 2
20201112_143616
Accuracy: 0.8318399574166075
Classification Report:
              precision    recall  f1-score   support

           0       0.90      0.81      0.85      7458
           1       0.84      0.91      0.88      9711
           2       0.67      0.71      0.69      2754
           3       0.94      0.73      0.82      2421
           4       0.29      0.81      0.43       200

    accuracy                           0.83     22544
   macro avg       0.73      0.79      0.73     22544
weighted avg       0.85      0.83      0.83     22544

Confusion Matrix:
[[6034  906  429   59   30]
 [ 208 8848  477   47  131]
 [   4  712 1945    7   86]
 [ 487   11   17 1763  143]
 [   1    0   36    0  163]]
