Epoch: 199
20201120_131546
Accuracy: 0.8142299503193754
Classification Report:
              precision    recall  f1-score   support

           0       0.86      0.81      0.83      9711
           1       0.69      0.82      0.75      2421
           2       0.96      0.84      0.90      7458
           3       0.13      0.24      0.17       200
           4       0.60      0.79      0.69      2754

    accuracy                           0.81     22544
   macro avg       0.65      0.70      0.67     22544
weighted avg       0.84      0.81      0.82     22544

Confusion Matrix:
[[7867  644  113   23 1064]
 [ 142 1974  154   61   90]
 [ 792  110 6283   15  258]
 [  13  109    5   48   25]
 [ 344   10    5  211 2184]]
