Epoch: 49
20201121_183510
Accuracy: 0.8520227111426544
Classification Report:
              precision    recall  f1-score   support

           0       0.92      0.89      0.90      9711
           1       0.70      0.76      0.72      2421
           2       0.91      0.89      0.90      7458
           3       0.35      0.78      0.48       200
           4       0.70      0.71      0.71      2754

    accuracy                           0.85     22544
   macro avg       0.72      0.80      0.74     22544
weighted avg       0.86      0.85      0.86     22544

Confusion Matrix:
[[8636  666  208   53  148]
 [   1 1833  395  111   81]
 [ 138  105 6626    2  587]
 [  13   18    0  155   14]
 [ 609   14   52  121 1958]]
