Epoch: 99
20201119_143519
Accuracy: 0.8415986515259049
Classification Report:
              precision    recall  f1-score   support

           0       0.89      0.89      0.89      9711
           1       0.67      0.73      0.70      2421
           2       0.94      0.87      0.90      7458
           3       0.21      0.91      0.34       200
           4       0.78      0.68      0.72      2754

    accuracy                           0.84     22544
   macro avg       0.70      0.82      0.71     22544
weighted avg       0.86      0.84      0.85     22544

Confusion Matrix:
[[8688  649  143  110  121]
 [   7 1775  285  266   88]
 [ 302  194 6466  188  308]
 [  10    2    1  181    6]
 [ 738   10   13  130 1863]]
