Epoch: 199
20201112_203250
Accuracy: 0.8002572746628814
Classification Report:
              precision    recall  f1-score   support

           0       0.96      0.77      0.86      9711
           1       0.86      0.80      0.83      2421
           2       0.85      0.88      0.87      7458
           3       0.13      0.72      0.22       200
           4       0.52      0.68      0.59      2754

    accuracy                           0.80     22544
   macro avg       0.66      0.77      0.67     22544
weighted avg       0.85      0.80      0.82     22544

Confusion Matrix:
[[7497  197  649   63 1305]
 [   0 1936  211  257   17]
 [ 262   87 6595  110  404]
 [  10   31    2  144   13]
 [  54   11  297  523 1869]]
