Epoch: 2
20201112_144605
Accuracy: 0.808374733853797
Classification Report:
              precision    recall  f1-score   support

           0       0.83      0.77      0.80      7458
           1       0.87      0.83      0.85      9711
           2       0.71      0.88      0.78      2754
           3       0.85      0.77      0.81      2421
           4       0.18      0.79      0.30       200

    accuracy                           0.81     22544
   macro avg       0.69      0.81      0.71     22544
weighted avg       0.83      0.81      0.82     22544

Confusion Matrix:
[[5760 1141  309   75  173]
 [ 645 8031  616  234  185]
 [  80    8 2416    4  246]
 [ 434    0   37 1860   90]
 [   0    0   27   16  157]]
