120
20201023_155019
0.850026614620298
              precision    recall  f1-score   support

           0       0.89      0.89      0.89      9711
           1       0.70      0.87      0.78      2421
           2       0.94      0.77      0.84      7458
           3       0.58      0.89      0.70       200
           4       0.74      0.92      0.82      2754

    accuracy                           0.85     22544
   macro avg       0.77      0.87      0.81     22544
weighted avg       0.86      0.85      0.85     22544

[[8610  301  145   76  579]
 [   0 2116  135   24  146]
 [1036  536 5715    0  171]
 [   6    3    6  177    8]
 [  33   64   82   30 2545]]
