60
20201023_150814
0.8504258339247693
              precision    recall  f1-score   support

           0       0.93      0.82      0.87      9711
           1       0.80      0.86      0.83      2421
           2       0.90      0.87      0.88      7458
           3       0.38      0.77      0.51       200
           4       0.66      0.93      0.77      2754

    accuracy                           0.85     22544
   macro avg       0.74      0.85      0.77     22544
weighted avg       0.87      0.85      0.85     22544

[[7925  274  584   71  857]
 [  10 2083  158   67  103]
 [ 497  190 6453   12  306]
 [  16    3    3  153   25]
 [  51   38   11   96 2558]]
