34
20201023_150006
0.8505589070262598
              precision    recall  f1-score   support

           0       0.91      0.83      0.87      9711
           1       0.81      0.86      0.83      2421
           2       0.88      0.85      0.86      7458
           3       0.38      0.85      0.52       200
           4       0.73      0.92      0.82      2754

    accuracy                           0.85     22544
   macro avg       0.74      0.86      0.78     22544
weighted avg       0.86      0.85      0.85     22544

[[8059  273  621  123  635]
 [   0 2071  227   25   98]
 [ 752  176 6331    8  191]
 [   3    3    5  171   18]
 [   8   38   36  129 2543]]
