57
20201023_153052
0.8506032647267565
              precision    recall  f1-score   support

           0       0.90      0.89      0.89      9711
           1       0.73      0.87      0.79      2421
           2       0.93      0.78      0.85      7458
           3       0.32      0.81      0.46       200
           4       0.75      0.89      0.81      2754

    accuracy                           0.85     22544
   macro avg       0.73      0.85      0.76     22544
weighted avg       0.87      0.85      0.85     22544

[[8627  301  198  119  466]
 [   3 2110  183   39   86]
 [ 942  383 5828   46  259]
 [  12    2    3  163   20]
 [  33  107   28  138 2448]]
