35
20201023_150009
0.8506919801277502
              precision    recall  f1-score   support

           0       0.91      0.83      0.87      9711
           1       0.81      0.86      0.83      2421
           2       0.88      0.85      0.86      7458
           3       0.37      0.85      0.52       200
           4       0.73      0.92      0.82      2754

    accuracy                           0.85     22544
   macro avg       0.74      0.86      0.78     22544
weighted avg       0.86      0.85      0.85     22544

[[8065  275  620  124  627]
 [   0 2070  227   27   97]
 [ 751  180 6332    7  188]
 [   3    3    5  171   18]
 [   8   37   38  131 2540]]
