55
20201023_153044
0.8510911994322214
              precision    recall  f1-score   support

           0       0.90      0.89      0.89      9711
           1       0.73      0.87      0.79      2421
           2       0.93      0.78      0.85      7458
           3       0.32      0.81      0.46       200
           4       0.75      0.89      0.81      2754

    accuracy                           0.85     22544
   macro avg       0.73      0.85      0.76     22544
weighted avg       0.87      0.85      0.85     22544

[[8623  296  208  119  465]
 [   3 2113  182   39   84]
 [ 918  383 5846   46  265]
 [  12    2    3  163   20]
 [  36  111   29  136 2442]]
