41
20201023_150031
0.8512686302342086
              precision    recall  f1-score   support

           0       0.92      0.83      0.87      9711
           1       0.79      0.87      0.83      2421
           2       0.88      0.85      0.86      7458
           3       0.35      0.86      0.50       200
           4       0.75      0.91      0.82      2754

    accuracy                           0.85     22544
   macro avg       0.74      0.86      0.78     22544
weighted avg       0.86      0.85      0.85     22544

[[8072  273  647  134  585]
 [   0 2104  196   25   96]
 [ 733  232 6331    6  156]
 [   2    2    7  172   17]
 [   8   43   35  156 2512]]
