96
20201023_144600
0.8526437189496097
              precision    recall  f1-score   support

           0       0.88      0.90      0.89      9711
           1       0.73      0.91      0.81      2421
           2       0.96      0.76      0.85      7458
           3       0.43      0.81      0.56       200
           4       0.73      0.88      0.80      2754

    accuracy                           0.85     22544
   macro avg       0.75      0.85      0.78     22544
weighted avg       0.87      0.85      0.85     22544

[[8756  368   43   58  486]
 [   5 2212  153   26   25]
 [1107  272 5659   56  364]
 [  19    3    0  161   17]
 [  72  162   13   73 2434]]
