143
20201023_153559
0.8528655074520937
              precision    recall  f1-score   support

           0       0.88      0.91      0.89      9711
           1       0.75      0.80      0.78      2421
           2       0.92      0.80      0.86      7458
           3       0.30      0.90      0.46       200
           4       0.81      0.84      0.83      2754

    accuracy                           0.85     22544
   macro avg       0.73      0.85      0.76     22544
weighted avg       0.87      0.85      0.86     22544

[[8794  282  217  125  293]
 [   0 1948  200   43  230]
 [1094  338 5985   41    0]
 [  11    2    0  180    7]
 [  78   36  118  202 2320]]
