72
20201023_150223
0.853708303761533
              precision    recall  f1-score   support

           0       0.92      0.84      0.88      9711
           1       0.76      0.90      0.83      2421
           2       0.89      0.84      0.86      7458
           3       0.33      0.90      0.48       200
           4       0.77      0.89      0.82      2754

    accuracy                           0.85     22544
   macro avg       0.73      0.87      0.78     22544
weighted avg       0.87      0.85      0.86     22544

[[8173  249  648  161  480]
 [   0 2190  116   23   92]
 [ 661  372 6256    2  167]
 [   2    2    4  180   12]
 [  34   55   40  178 2447]]
