25
20201023_144144
0.8547285308729595
              precision    recall  f1-score   support

           0       0.92      0.89      0.91      9711
           1       0.71      0.90      0.79      2421
           2       0.95      0.78      0.86      7458
           3       0.35      0.81      0.49       200
           4       0.70      0.90      0.79      2754

    accuracy                           0.85     22544
   macro avg       0.73      0.86      0.77     22544
weighted avg       0.88      0.85      0.86     22544

[[8657  300  105   62  587]
 [   0 2169  178   46   28]
 [ 697  428 5802  123  408]
 [  11    4    0  162   23]
 [  35  150   18   72 2479]]
