120
20201023_153436
0.8552164655784245
              precision    recall  f1-score   support

           0       0.88      0.90      0.89      9711
           1       0.74      0.82      0.78      2421
           2       0.92      0.81      0.86      7458
           3       0.31      0.86      0.45       200
           4       0.81      0.85      0.83      2754

    accuracy                           0.86     22544
   macro avg       0.73      0.85      0.76     22544
weighted avg       0.87      0.86      0.86     22544

[[8778  288  203  125  317]
 [   1 1986  186   41  207]
 [1057  349 6007   44    1]
 [  14    3    1  172   10]
 [  71   44  123  179 2337]]
