91
20201023_144542
0.8555713271823988
              precision    recall  f1-score   support

           0       0.89      0.90      0.90      9711
           1       0.72      0.91      0.80      2421
           2       0.96      0.77      0.85      7458
           3       0.42      0.79      0.55       200
           4       0.73      0.90      0.81      2754

    accuracy                           0.86     22544
   macro avg       0.75      0.85      0.78     22544
weighted avg       0.87      0.86      0.86     22544

[[8729  384   45   59  494]
 [   5 2196  165   27   28]
 [ 991  315 5732   56  364]
 [  20    4    0  158   18]
 [  29  165   15   72 2473]]
