115
20201023_153418
0.8555713271823988
              precision    recall  f1-score   support

           0       0.89      0.90      0.89      9711
           1       0.74      0.82      0.78      2421
           2       0.92      0.81      0.86      7458
           3       0.31      0.85      0.45       200
           4       0.82      0.85      0.83      2754

    accuracy                           0.86     22544
   macro avg       0.73      0.85      0.76     22544
weighted avg       0.87      0.86      0.86     22544

[[8769  289  204  125  324]
 [   1 1993  191   40  196]
 [1047  357 6009   44    1]
 [  14    3    1  171   11]
 [  67   46  117  178 2346]]
