112
20201023_153407
0.8559261887863733
              precision    recall  f1-score   support

           0       0.89      0.90      0.89      9711
           1       0.74      0.82      0.78      2421
           2       0.92      0.81      0.86      7458
           3       0.31      0.85      0.45       200
           4       0.82      0.85      0.83      2754

    accuracy                           0.86     22544
   macro avg       0.73      0.85      0.76     22544
weighted avg       0.87      0.86      0.86     22544

[[8764  289  204  126  328]
 [   1 1996  195   39  190]
 [1045  355 6011   46    1]
 [  13    3    1  171   12]
 [  66   46  111  177 2354]]
