93
20201023_153300
0.8576561391057488
              precision    recall  f1-score   support

           0       0.89      0.90      0.89      9711
           1       0.74      0.85      0.79      2421
           2       0.93      0.81      0.86      7458
           3       0.31      0.84      0.46       200
           4       0.81      0.87      0.84      2754

    accuracy                           0.86     22544
   macro avg       0.74      0.85      0.77     22544
weighted avg       0.87      0.86      0.86     22544

[[8696  294  204  125  392]
 [   1 2059  186   32  143]
 [1021  362 6009   48   18]
 [  10    3    2  169   16]
 [  51   52   85  164 2402]]
