76
20201023_144448
0.8582771469127041
              precision    recall  f1-score   support

           0       0.90      0.90      0.90      9711
           1       0.73      0.92      0.82      2421
           2       0.97      0.77      0.85      7458
           3       0.33      0.80      0.46       200
           4       0.73      0.90      0.81      2754

    accuracy                           0.86     22544
   macro avg       0.73      0.86      0.77     22544
weighted avg       0.88      0.86      0.86     22544

[[8761  341   64   61  484]
 [   1 2239  120   33   28]
 [ 885  327 5717  163  366]
 [  21    2    0  160   17]
 [  35  151   21   75 2472]]
