63
20201023_144401
0.8583215046132009
              precision    recall  f1-score   support

           0       0.91      0.90      0.90      9711
           1       0.74      0.91      0.82      2421
           2       0.96      0.78      0.86      7458
           3       0.34      0.80      0.48       200
           4       0.72      0.90      0.80      2754

    accuracy                           0.86     22544
   macro avg       0.73      0.86      0.77     22544
weighted avg       0.88      0.86      0.86     22544

[[8712  332   86   58  523]
 [   0 2214  137   42   28]
 [ 838  305 5786  136  393]
 [  20    2    0  159   19]
 [  25  148   28   74 2479]]
