101
20201023_153328
0.8589425124201562
              precision    recall  f1-score   support

           0       0.89      0.90      0.89      9711
           1       0.75      0.84      0.79      2421
           2       0.92      0.81      0.86      7458
           3       0.31      0.85      0.46       200
           4       0.82      0.86      0.84      2754

    accuracy                           0.86     22544
   macro avg       0.74      0.85      0.77     22544
weighted avg       0.87      0.86      0.86     22544

[[8735  289  208  125  354]
 [   1 2040  194   37  149]
 [1025  346 6038   48    1]
 [  11    3    1  171   14]
 [  63   48   96  167 2380]]
