Epoch: 148
20201112_190611
Accuracy: 0.8815205819730305
Classification Report:
              precision    recall  f1-score   support

           0       0.91      0.89      0.90      9711
           1       0.74      0.88      0.80      2421
           2       0.94      0.89      0.91      7458
           3       0.29      0.43      0.35       200
           4       0.87      0.84      0.86      2754

    accuracy                           0.88     22544
   macro avg       0.75      0.79      0.76     22544
weighted avg       0.89      0.88      0.88     22544

Confusion Matrix:
[[8670  620  207   38  176]
 [   4 2142  193   43   39]
 [ 557   66 6647   74  114]
 [  19   73   12   87    9]
 [ 323    9   40   55 2327]]
