Epoch: 24
20201112_181626
Accuracy: 0.8824964513839603
Classification Report:
              precision    recall  f1-score   support

           0       0.91      0.92      0.91      9711
           1       0.82      0.78      0.80      2421
           2       0.96      0.88      0.92      7458
           3       0.17      0.40      0.24       200
           4       0.79      0.88      0.83      2754

    accuracy                           0.88     22544
   macro avg       0.73      0.77      0.74     22544
weighted avg       0.89      0.88      0.89     22544

Confusion Matrix:
[[8962  238  133   68  310]
 [ 246 1884  132   17  142]
 [ 615   47 6541   62  193]
 [   8   98    2   80   12]
 [  71   19    3  233 2428]]
