Epoch: 31
20201112_181803
Accuracy: 0.8828513129879347
Classification Report:
              precision    recall  f1-score   support

           0       0.90      0.93      0.92      9711
           1       0.83      0.78      0.81      2421
           2       0.96      0.88      0.92      7458
           3       0.14      0.40      0.21       200
           4       0.81      0.85      0.83      2754

    accuracy                           0.88     22544
   macro avg       0.73      0.77      0.74     22544
weighted avg       0.90      0.88      0.89     22544

Confusion Matrix:
[[8998  220  112   65  316]
 [ 236 1891  152   32  110]
 [ 637   42 6589   72  118]
 [   7  100    2   79   12]
 [  72   16    4  316 2346]]
