Epoch: 85
20201112_211129
Accuracy: 0.8832948899929027
Classification Report:
              precision    recall  f1-score   support

           0       0.88      0.94      0.91      9711
           1       0.84      0.79      0.81      2421
           2       0.95      0.89      0.92      7458
           3       0.26      0.71      0.39       200
           4       0.88      0.75      0.81      2754

    accuracy                           0.88     22544
   macro avg       0.76      0.82      0.77     22544
weighted avg       0.89      0.88      0.89     22544

Confusion Matrix:
[[9130  252  116   65  148]
 [ 125 1916  200   59  121]
 [ 610   94 6667   79    8]
 [   6   14   22  143   15]
 [ 479   17    6  195 2057]]
