Epoch: 116
20201112_185652
Accuracy: 0.8841820440028388
Classification Report:
              precision    recall  f1-score   support

           0       0.90      0.89      0.90      9711
           1       0.74      0.88      0.80      2421
           2       0.93      0.90      0.92      7458
           3       0.31      0.49      0.38       200
           4       0.91      0.84      0.87      2754

    accuracy                           0.88     22544
   macro avg       0.76      0.80      0.77     22544
weighted avg       0.89      0.88      0.89     22544

Confusion Matrix:
[[8661  621  212   39  178]
 [   7 2133  219   31   31]
 [ 583   59 6733   81    2]
 [  14   63   15   98   10]
 [ 320   10   52   64 2308]]
