Epoch: 56
20201112_210546
Accuracy: 0.8880855216465579
Classification Report:
              precision    recall  f1-score   support

           0       0.92      0.93      0.93      9711
           1       0.85      0.81      0.83      2421
           2       0.94      0.88      0.91      7458
           3       0.24      0.81      0.37       200
           4       0.83      0.84      0.83      2754

    accuracy                           0.89     22544
   macro avg       0.76      0.85      0.77     22544
weighted avg       0.90      0.89      0.89     22544

Confusion Matrix:
[[9038  242  128   61  242]
 [  58 1960  253   52   98]
 [ 591   95 6559   99  114]
 [   6    7    9  163   15]
 [ 133   15    9  296 2301]]
