Epoch: 36
20201112_183638
Accuracy: 0.8721167494677076
Classification Report:
              precision    recall  f1-score   support

           0       0.93      0.87      0.90      9711
           1       0.74      0.84      0.79      2421
           2       0.95      0.88      0.91      7458
           3       0.28      0.78      0.41       200
           4       0.76      0.92      0.83      2754

    accuracy                           0.87     22544
   macro avg       0.73      0.86      0.77     22544
weighted avg       0.89      0.87      0.88     22544

Confusion Matrix:
[[8414  643  183   61  410]
 [   3 2041  127   29  221]
 [ 596   56 6530  140  136]
 [  12   14   10  156    8]
 [  51   10    6  167 2520]]
