Epoch: 115
20201112_211730
Accuracy: 0.8738910574875799
Classification Report:
              precision    recall  f1-score   support

           0       0.87      0.94      0.90      9711
           1       0.84      0.82      0.83      2421
           2       0.96      0.90      0.93      7458
           3       0.21      0.61      0.31       200
           4       0.87      0.64      0.73      2754

    accuracy                           0.87     22544
   macro avg       0.75      0.78      0.74     22544
weighted avg       0.89      0.87      0.88     22544

Confusion Matrix:
[[9135  240  115   70  151]
 [ 138 1981  166   41   95]
 [ 512   79 6709  149    9]
 [   5   33   29  122   11]
 [ 768   21    4  207 1754]]
