Epoch: 91
20201112_184912
Accuracy: 0.8742015613910575
Classification Report:
              precision    recall  f1-score   support

           0       0.91      0.89      0.90      9711
           1       0.73      0.86      0.79      2421
           2       0.92      0.89      0.90      7458
           3       0.26      0.46      0.33       200
           4       0.84      0.84      0.84      2754

    accuracy                           0.87     22544
   macro avg       0.73      0.79      0.75     22544
weighted avg       0.88      0.87      0.88     22544

Confusion Matrix:
[[8617  630  214   43  207]
 [   3 2075  254   40   49]
 [ 551   59 6601   81  166]
 [  13   72   14   91   10]
 [ 250    9   82   89 2324]]
