Epoch: 53
20201112_183957
Accuracy: 0.8763307310149042
Classification Report:
              precision    recall  f1-score   support

           0       0.92      0.87      0.90      9711
           1       0.74      0.84      0.79      2421
           2       0.94      0.89      0.92      7458
           3       0.30      0.72      0.42       200
           4       0.82      0.88      0.85      2754

    accuracy                           0.88     22544
   macro avg       0.74      0.84      0.77     22544
weighted avg       0.89      0.88      0.88     22544

Confusion Matrix:
[[8485  638  184   50  354]
 [   4 2038  210   35  134]
 [ 600   61 6665   94   38]
 [  10   21   16  144    9]
 [ 144    8   14  164 2424]]
