Epoch: 141
20201112_212242
Accuracy: 0.8771735273243435
Classification Report:
              precision    recall  f1-score   support

           0       0.87      0.94      0.91      9711
           1       0.85      0.82      0.83      2421
           2       0.96      0.90      0.93      7458
           3       0.24      0.78      0.36       200
           4       0.85      0.64      0.73      2754

    accuracy                           0.88     22544
   macro avg       0.75      0.82      0.75     22544
weighted avg       0.89      0.88      0.88     22544

Confusion Matrix:
[[9143  240   97   66  165]
 [ 162 1985  171   46   57]
 [ 389   80 6721  184   84]
 [   6   28    2  156    8]
 [ 751   16    7  210 1770]]
