Epoch: 45
20201112_183825
Accuracy: 0.8773953158268275
Classification Report:
              precision    recall  f1-score   support

           0       0.93      0.87      0.90      9711
           1       0.74      0.85      0.79      2421
           2       0.94      0.89      0.91      7458
           3       0.27      0.73      0.40       200
           4       0.81      0.91      0.86      2754

    accuracy                           0.88     22544
   macro avg       0.74      0.85      0.77     22544
weighted avg       0.89      0.88      0.88     22544

Confusion Matrix:
[[8455  646  194   54  362]
 [   4 2058  178   25  156]
 [ 603   57 6621  125   52]
 [   9   21   15  146    9]
 [  51    8    9  186 2500]]
