Epoch: 152
20201112_212451
Accuracy: 0.877971965933286
Classification Report:
              precision    recall  f1-score   support

           0       0.87      0.94      0.90      9711
           1       0.84      0.81      0.83      2421
           2       0.96      0.90      0.93      7458
           3       0.25      0.84      0.38       200
           4       0.88      0.65      0.75      2754

    accuracy                           0.88     22544
   macro avg       0.76      0.83      0.76     22544
weighted avg       0.89      0.88      0.88     22544

Confusion Matrix:
[[9124  253   98   67  169]
 [ 127 1968  166   92   68]
 [ 520   90 6746   93    9]
 [   5   13    5  168    9]
 [ 686   17    7  257 1787]]
