Epoch: 120
20201112_211832
Accuracy: 0.8781493967352733
Classification Report:
              precision    recall  f1-score   support

           0       0.87      0.94      0.91      9711
           1       0.85      0.82      0.84      2421
           2       0.96      0.90      0.93      7458
           3       0.23      0.81      0.36       200
           4       0.88      0.64      0.74      2754

    accuracy                           0.88     22544
   macro avg       0.76      0.82      0.75     22544
weighted avg       0.89      0.88      0.88     22544

Confusion Matrix:
[[9148  241  108   70  144]
 [ 149 1993  165   43   71]
 [ 431   75 6740  206    6]
 [   5   20    2  162   11]
 [ 750   20    3  227 1754]]
