Epoch: 126
20201112_211943
Accuracy: 0.8790365507452094
Classification Report:
              precision    recall  f1-score   support

           0       0.87      0.94      0.91      9711
           1       0.85      0.82      0.84      2421
           2       0.96      0.90      0.93      7458
           3       0.26      0.81      0.39       200
           4       0.86      0.66      0.74      2754

    accuracy                           0.88     22544
   macro avg       0.76      0.83      0.76     22544
weighted avg       0.89      0.88      0.88     22544

Confusion Matrix:
[[9142  242  103   66  158]
 [ 139 1997  171   59   55]
 [ 455   76 6706  141   80]
 [   5   20    2  162   11]
 [ 718   19    6  201 1810]]
