Epoch: 108
20201120_100117
Accuracy: 0.8802785663591199
Classification Report:
              precision    recall  f1-score   support

           0       0.92      0.92      0.92      9711
           1       0.80      0.79      0.79      2421
           2       0.95      0.94      0.94      7458
           3       0.24      0.90      0.38       200
           4       0.79      0.64      0.71      2754

    accuracy                           0.88     22544
   macro avg       0.74      0.84      0.75     22544
weighted avg       0.89      0.88      0.88     22544

Confusion Matrix:
[[8976  313  132   59  231]
 [ 164 1917   82   30  228]
 [ 101  170 7015  167    5]
 [  12    2    0  179    7]
 [ 484    8  189  315 1758]]
