Epoch: 90
20201120_095240
Accuracy: 0.8808552164655784
Classification Report:
              precision    recall  f1-score   support

           0       0.93      0.93      0.93      9711
           1       0.80      0.76      0.78      2421
           2       0.95      0.95      0.95      7458
           3       0.22      0.90      0.35       200
           4       0.77      0.62      0.69      2754

    accuracy                           0.88     22544
   macro avg       0.73      0.83      0.74     22544
weighted avg       0.90      0.88      0.89     22544

Confusion Matrix:
[[9025  296  147   60  183]
 [ 130 1830   84   52  325]
 [  94  140 7114  104    6]
 [  11    2    0  179    8]
 [ 453    9  165  417 1710]]
