Epoch: 27
20201120_230708
Accuracy: 0.8812987934705465
Classification Report:
              precision    recall  f1-score   support

           0       0.95      0.87      0.91      9711
           1       0.71      0.78      0.75      2421
           2       0.95      0.94      0.95      7458
           3       0.24      0.74      0.36       200
           4       0.77      0.86      0.81      2754

    accuracy                           0.88     22544
   macro avg       0.73      0.84      0.76     22544
weighted avg       0.90      0.88      0.89     22544

Confusion Matrix:
[[8430  679  140   89  373]
 [  10 1895  160   75  281]
 [ 257   58 7038   76   29]
 [  14   17    1  148   20]
 [ 117   10   36  234 2357]]
