Epoch: 123
20201120_210838
Accuracy: 0.8816980127750177
Classification Report:
              precision    recall  f1-score   support

           0       0.90      0.91      0.90      9711
           1       0.68      0.77      0.72      2421
           2       0.97      0.92      0.94      7458
           3       0.47      0.76      0.58       200
           4       0.84      0.81      0.83      2754

    accuracy                           0.88     22544
   macro avg       0.77      0.83      0.79     22544
weighted avg       0.89      0.88      0.88     22544

Confusion Matrix:
[[8794  718   87   26   86]
 [ 155 1853  133    5  275]
 [ 376  143 6842   50   47]
 [  19   18    0  151   12]
 [ 420    7    4   86 2237]]
