Epoch: 56
20201120_232640
Accuracy: 0.8818310858765082
Classification Report:
              precision    recall  f1-score   support

           0       0.96      0.87      0.91      9711
           1       0.72      0.78      0.75      2421
           2       0.96      0.91      0.93      7458
           3       0.29      0.88      0.44       200
           4       0.76      0.92      0.83      2754

    accuracy                           0.88     22544
   macro avg       0.74      0.87      0.77     22544
weighted avg       0.90      0.88      0.89     22544

Confusion Matrix:
[[8491  661  113  100  346]
 [  95 1895  195  148   88]
 [ 152   78 6796   84  348]
 [  11    0    0  176   13]
 [ 114    9   12   97 2522]]
