Epoch: 28
20201120_200521
Accuracy: 0.8826738821859474
Classification Report:
              precision    recall  f1-score   support

           0       0.92      0.88      0.90      9711
           1       0.71      0.83      0.77      2421
           2       0.96      0.91      0.94      7458
           3       0.52      0.77      0.62       200
           4       0.76      0.85      0.80      2754

    accuracy                           0.88     22544
   macro avg       0.78      0.85      0.81     22544
weighted avg       0.89      0.88      0.89     22544

Confusion Matrix:
[[8561  692  113   34  311]
 [  24 2014  125   64  194]
 [ 315   89 6817    3  234]
 [  14   17    4  154   11]
 [ 344    6    7   44 2353]]
