Epoch: 132
20201120_211437
Accuracy: 0.8826295244854506
Classification Report:
              precision    recall  f1-score   support

           0       0.91      0.90      0.90      9711
           1       0.69      0.79      0.73      2421
           2       0.96      0.91      0.94      7458
           3       0.50      0.74      0.60       200
           4       0.83      0.83      0.83      2754

    accuracy                           0.88     22544
   macro avg       0.78      0.84      0.80     22544
weighted avg       0.89      0.88      0.88     22544

Confusion Matrix:
[[8715  706  101   27  162]
 [ 182 1914  153    4  168]
 [ 332  144 6824   47  111]
 [  15   19    0  149   17]
 [ 345    9   32   72 2296]]
