Epoch: 7
20201120_195058
Accuracy: 0.8827625975869411
Classification Report:
              precision    recall  f1-score   support

           0       0.95      0.88      0.91      9711
           1       0.71      0.78      0.74      2421
           2       0.97      0.91      0.94      7458
           3       0.39      0.77      0.51       200
           4       0.74      0.91      0.82      2754

    accuracy                           0.88     22544
   macro avg       0.75      0.85      0.78     22544
weighted avg       0.90      0.88      0.89     22544

Confusion Matrix:
[[8553  699  117   55  287]
 [  11 1895  112   38  365]
 [ 317   72 6790   63  216]
 [  10   14    0  153   23]
 [ 151    6    1   86 2510]]
