Epoch: 30
20201120_200641
Accuracy: 0.8829843860894251
Classification Report:
              precision    recall  f1-score   support

           0       0.91      0.90      0.90      9711
           1       0.71      0.83      0.77      2421
           2       0.97      0.92      0.94      7458
           3       0.53      0.76      0.62       200
           4       0.77      0.80      0.79      2754

    accuracy                           0.88     22544
   macro avg       0.78      0.84      0.80     22544
weighted avg       0.89      0.88      0.89     22544

Confusion Matrix:
[[8693  691  109   34  184]
 [  10 2008   90   53  260]
 [ 315   89 6838    5  211]
 [  13   17    6  151   13]
 [ 478   11    7   42 2216]]
