Epoch: 19
20201120_195958
Accuracy: 0.8835166784953868
Classification Report:
              precision    recall  f1-score   support

           0       0.93      0.89      0.91      9711
           1       0.71      0.76      0.74      2421
           2       0.96      0.93      0.95      7458
           3       0.24      0.81      0.37       200
           4       0.85      0.85      0.85      2754

    accuracy                           0.88     22544
   macro avg       0.74      0.85      0.76     22544
weighted avg       0.90      0.88      0.89     22544

Confusion Matrix:
[[8619  659  120   52  261]
 [  82 1844  180  183  132]
 [ 282   61 6959  138   18]
 [   3   18    0  162   17]
 [ 261    3    6  150 2334]]
