Epoch: 148
20201120_212534
Accuracy: 0.8842707594038325
Classification Report:
              precision    recall  f1-score   support

           0       0.90      0.90      0.90      9711
           1       0.71      0.83      0.76      2421
           2       0.97      0.93      0.95      7458
           3       0.48      0.71      0.58       200
           4       0.82      0.77      0.79      2754

    accuracy                           0.88     22544
   macro avg       0.78      0.83      0.80     22544
weighted avg       0.89      0.88      0.89     22544

Confusion Matrix:
[[8701  706   98   27  179]
 [  36 2008  132   59  186]
 [ 296   92 6971   24   75]
 [  15   19    6  142   18]
 [ 587    6    7   41 2113]]
