Epoch: 90
20201120_082633
Accuracy: 0.8858676366217175
Classification Report:
              precision    recall  f1-score   support

           0       0.94      0.90      0.92      9711
           1       0.70      0.77      0.73      2421
           2       0.97      0.93      0.95      7458
           3       0.26      0.67      0.37       200
           4       0.81      0.84      0.82      2754

    accuracy                           0.89     22544
   macro avg       0.73      0.82      0.76     22544
weighted avg       0.90      0.89      0.89     22544

Confusion Matrix:
[[8721  658  111   56  165]
 [   5 1853  132   76  355]
 [ 312   93 6961   80   12]
 [  11   38    0  133   18]
 [ 268    5    6  172 2303]]
