Epoch: 33
20201120_200923
Accuracy: 0.8893718949609652
Classification Report:
              precision    recall  f1-score   support

           0       0.92      0.90      0.91      9711
           1       0.72      0.79      0.75      2421
           2       0.96      0.93      0.95      7458
           3       0.26      0.81      0.39       200
           4       0.90      0.83      0.87      2754

    accuracy                           0.89     22544
   macro avg       0.75      0.85      0.77     22544
weighted avg       0.90      0.89      0.90     22544

Confusion Matrix:
[[8722  651  120   51  167]
 [ 157 1907  162  132   63]
 [ 288   79 6970  119    2]
 [   5   19    0  161   15]
 [ 290    7    9  158 2290]]
