Epoch: 1
20201113_181416
Accuracy: 0.8167583392476934
Classification Report:
              precision    recall  f1-score   support

           0       0.93      0.83      0.88      9711
           1       0.67      0.82      0.73      2421
           2       0.92      0.76      0.83      7458
           3       0.20      0.81      0.32       200
           4       0.64      0.91      0.75      2754

    accuracy                           0.82     22544
   macro avg       0.67      0.83      0.70     22544
weighted avg       0.86      0.82      0.83     22544

Confusion Matrix:
[[8080  272   58  131 1170]
 [   0 1977  402   38    4]
 [ 606  685 5679  288  200]
 [   0   16    0  162   22]
 [   3    9   20  207 2515]]
