58
20201021_113755
0.8808108587650816
              precision    recall  f1-score   support

           0       0.93      0.89      0.91      9711
           1       0.75      0.90      0.82      2421
           2       0.96      0.85      0.90      7458
           3       0.29      0.86      0.43       200
           4       0.81      0.91      0.86      2754

    accuracy                           0.88     22544
   macro avg       0.75      0.88      0.78     22544
weighted avg       0.90      0.88      0.89     22544

[[8636  255  116  196  508]
 [   5 2178  171   28   39]
 [ 659  433 6363    0    3]
 [   2    1    0  172   25]
 [  10   19   11  206 2508]]
