76
20201021_113934
0.8808995741660752
              precision    recall  f1-score   support

           0       0.93      0.89      0.91      9711
           1       0.76      0.89      0.82      2421
           2       0.96      0.86      0.90      7458
           3       0.28      0.86      0.43       200
           4       0.81      0.91      0.85      2754

    accuracy                           0.88     22544
   macro avg       0.75      0.88      0.78     22544
weighted avg       0.90      0.88      0.89     22544

[[8644  269   98  189  511]
 [   6 2153  165   32   65]
 [ 660  411 6385    0    2]
 [   1    1    0  172   26]
 [  12   15   10  212 2505]]
