Epoch: 199
20201113_165610
Accuracy: 0.8274041873669269
Classification Report:
              precision    recall  f1-score   support

           0       0.85      0.91      0.88      9711
           1       0.70      0.70      0.70      2421
           2       0.93      0.89      0.91      7458
           3       0.07      0.34      0.12       200
           4       0.84      0.52      0.64      2754

    accuracy                           0.83     22544
   macro avg       0.68      0.67      0.65     22544
weighted avg       0.85      0.83      0.84     22544

Confusion Matrix:
[[8862  662   83   43   61]
 [ 330 1683  379   28    1]
 [ 395   45 6603  206  209]
 [ 122    0    2   68    8]
 [ 676    8    5  628 1437]]
