Epoch: 199
20201117_203801
Accuracy: 0.8568577004968062
Classification Report:
              precision    recall  f1-score   support

           0       0.91      0.87      0.89      9711
           1       0.67      0.83      0.74      2421
           2       0.96      0.88      0.92      7458
           3       0.28      0.76      0.41       200
           4       0.74      0.75      0.74      2754

    accuracy                           0.86     22544
   macro avg       0.71      0.82      0.74     22544
weighted avg       0.87      0.86      0.86     22544

Confusion Matrix:
[[8492  700   94   59  366]
 [  40 2013  142  176   50]
 [ 247  267 6593   58  293]
 [   4   18    1  151   26]
 [ 528    9   62   87 2068]]
