Epoch: 199
20201117_210648
Accuracy: 0.8574343506032647
Classification Report:
              precision    recall  f1-score   support

           0       0.93      0.89      0.91      9711
           1       0.72      0.78      0.75      2421
           2       0.88      0.89      0.88      7458
           3       0.31      0.80      0.45       200
           4       0.79      0.71      0.75      2754

    accuracy                           0.86     22544
   macro avg       0.73      0.82      0.75     22544
weighted avg       0.87      0.86      0.86     22544

Confusion Matrix:
[[8676  606  265   75   89]
 [  43 1892  311  103   72]
 [ 277  115 6646   58  362]
 [  12   12    8  160    8]
 [ 336    9  341  112 1956]]
