Epoch: 6
20201105_095932
Accuracy: 0.8730039034776437
Classification Report:
              precision    recall  f1-score   support

           0       0.93      0.87      0.90      9711
           1       0.98      0.88      0.93      7458
           2       0.68      0.86      0.76      2754
           3       0.82      0.88      0.85      2421
           4       0.23      0.83      0.36       200

    accuracy                           0.87     22544
   macro avg       0.73      0.87      0.76     22544
weighted avg       0.90      0.87      0.88     22544

Confusion Matrix:
[[8457   55  838  266   95]
 [ 571 6551  121  171   44]
 [  36    1 2370   28  319]
 [   1   81  108 2136   95]
 [   2    4   25    2  167]]
