Epoch: 21
20201109_144920
Accuracy: 0.8604950319375444
Classification Report:
              precision    recall  f1-score   support

           0       0.96      0.84      0.90      7458
           1       0.92      0.87      0.90      9711
           2       0.72      0.86      0.78      2754
           3       0.65      0.86      0.74      2421
           4       0.62      0.84      0.71       200

    accuracy                           0.86     22544
   macro avg       0.77      0.86      0.81     22544
weighted avg       0.88      0.86      0.86     22544

Confusion Matrix:
[[6302  622  407  127    0]
 [ 116 8477  332  741   45]
 [   5   83 2358  253   55]
 [ 142    6  175 2094    4]
 [   0   10    8   14  168]]
