Epoch: 39
20201109_134341
Accuracy: 0.8625798438608943
Classification Report:
              precision    recall  f1-score   support

           0       0.97      0.83      0.89      7458
           1       0.92      0.90      0.91      9711
           2       0.76      0.85      0.80      2754
           3       0.85      0.83      0.84      2421
           4       0.14      0.80      0.24       200

    accuracy                           0.86     22544
   macro avg       0.73      0.84      0.74     22544
weighted avg       0.90      0.86      0.88     22544

Confusion Matrix:
[[6160  463  495  114  226]
 [  62 8772  150  235  492]
 [   1  308 2349    7   89]
 [ 145   15   80 2006  175]
 [   3   10   20    8  159]]
