Epoch: 35
20201109_102332
Accuracy: 0.8629347054648687
Classification Report:
              precision    recall  f1-score   support

           0       0.87      0.92      0.89      9711
           1       0.96      0.85      0.90      7458
           2       0.79      0.76      0.78      2754
           3       0.81      0.82      0.81      2421
           4       0.26      0.80      0.39       200

    accuracy                           0.86     22544
   macro avg       0.74      0.83      0.75     22544
weighted avg       0.88      0.86      0.87     22544

Confusion Matrix:
[[8909   79  259  422   42]
 [ 770 6306  264   26   92]
 [ 549    0 2098    6  101]
 [  50  158   13 1981  219]
 [   3    0   23   14  160]]
