Epoch: 47
20201109_102834
Accuracy: 0.863999290276792
Classification Report:
              precision    recall  f1-score   support

           0       0.88      0.92      0.90      9711
           1       0.96      0.85      0.90      7458
           2       0.78      0.76      0.77      2754
           3       0.80      0.83      0.81      2421
           4       0.24      0.79      0.37       200

    accuracy                           0.86     22544
   macro avg       0.73      0.83      0.75     22544
weighted avg       0.88      0.86      0.87     22544

Confusion Matrix:
[[8900   77  261  428   45]
 [ 685 6318  299   57   99]
 [ 528    0 2095    6  125]
 [  32  156    8 2007  218]
 [   5    0   22   15  158]]
