Epoch: 26
20201109_101733
Accuracy: 0.8645315826827538
Classification Report:
              precision    recall  f1-score   support

           0       0.87      0.92      0.90      9711
           1       0.96      0.85      0.90      7458
           2       0.79      0.76      0.77      2754
           3       0.81      0.83      0.82      2421
           4       0.25      0.81      0.38       200

    accuracy                           0.86     22544
   macro avg       0.74      0.83      0.75     22544
weighted avg       0.88      0.86      0.87     22544

Confusion Matrix:
[[8896   84  225  440   66]
 [ 669 6345  301   23  120]
 [ 557    0 2082    6  109]
 [  41  161   11 2005  203]
 [   5    0   19   14  162]]
