Epoch: 46
20201109_102819
Accuracy: 0.8652856635911994
Classification Report:
              precision    recall  f1-score   support

           0       0.88      0.91      0.89      9711
           1       0.96      0.84      0.90      7458
           2       0.77      0.81      0.79      2754
           3       0.80      0.83      0.82      2421
           4       0.26      0.79      0.39       200

    accuracy                           0.87     22544
   macro avg       0.74      0.84      0.76     22544
weighted avg       0.88      0.87      0.87     22544

Confusion Matrix:
[[8829   75  320  443   44]
 [ 751 6279  294   46   88]
 [ 412    0 2223    6  113]
 [  35  160   10 2018  198]
 [   1    0   26   15  158]]
