Epoch: 49
20201121_152920
Accuracy: 0.8008782824698367
Classification Report:
              precision    recall  f1-score   support

           0       0.88      0.76      0.81      9711
           1       0.70      0.76      0.72      2421
           2       0.91      0.88      0.89      7458
           3       0.80      0.60      0.69       200
           4       0.53      0.79      0.63      2754

    accuracy                           0.80     22544
   macro avg       0.76      0.76      0.75     22544
weighted avg       0.82      0.80      0.81     22544

Confusion Matrix:
[[7386  679  170    8 1468]
 [ 152 1830  402   10   27]
 [ 459   62 6551    1  385]
 [  11   23    5  120   41]
 [ 427   38  110   11 2168]]
