Epoch: 199
20201118_200611
Accuracy: 0.8343239886444287
Classification Report:
              precision    recall  f1-score   support

           0       0.86      0.90      0.88      9711
           1       0.83      0.78      0.80      2421
           2       0.89      0.84      0.86      7458
           3       0.20      0.52      0.28       200
           4       0.73      0.69      0.71      2754

    accuracy                           0.83     22544
   macro avg       0.70      0.74      0.71     22544
weighted avg       0.84      0.83      0.84     22544

Confusion Matrix:
[[8696  220  585   55  155]
 [ 158 1879  210   56  118]
 [ 679   88 6241   29  421]
 [  14   66    0  104   16]
 [ 563    5    9  288 1889]]
