15
20201022_130515
0.8606281050390348
              precision    recall  f1-score   support

           0       0.88      0.92      0.90      9711
           1       0.77      0.92      0.84      2421
           2       0.97      0.81      0.88      7458
           3       0.24      0.76      0.37        67
           4       0.71      0.75      0.73      2887

    accuracy                           0.86     22544
   macro avg       0.71      0.83      0.74     22544
weighted avg       0.87      0.86      0.86     22544

[[8903  260   38   76  434]
 [   5 2231  173    1   11]
 [ 727  268 6059    0  404]
 [   0    0    0   51   16]
 [ 512  133    2   82 2158]]
