29
20201022_130611
0.8641323633782825
              precision    recall  f1-score   support

           0       0.90      0.90      0.90      9711
           1       0.75      0.90      0.82      2421
           2       0.96      0.81      0.88      7458
           3       0.26      0.79      0.39        67
           4       0.71      0.85      0.77      2887

    accuracy                           0.86     22544
   macro avg       0.72      0.85      0.75     22544
weighted avg       0.88      0.86      0.87     22544

[[8767  285   37   69  553]
 [  10 2187  209    1   14]
 [ 740  284 6019    1  414]
 [   0    0    0   53   14]
 [ 200  148    1   83 2455]]
