38
20201022_130647
0.8651082327892122
              precision    recall  f1-score   support

           0       0.92      0.90      0.91      9711
           1       0.73      0.91      0.81      2421
           2       0.96      0.79      0.87      7458
           3       0.25      0.78      0.38        67
           4       0.72      0.90      0.80      2887

    accuracy                           0.87     22544
   macro avg       0.71      0.86      0.75     22544
weighted avg       0.88      0.87      0.87     22544

[[8743  284   47   60  577]
 [  12 2213  182    0   14]
 [ 759  378 5902    1  418]
 [   0    0    0   52   15]
 [  31  155   14   94 2593]]
