80
20201021_093544
0.8601845280340668
              precision    recall  f1-score   support

           0       0.91      0.90      0.91      9711
           1       0.70      0.94      0.80      2421
           2       0.98      0.75      0.85      7458
           3       0.45      0.80      0.57       200
           4       0.73      0.94      0.82      2754

    accuracy                           0.86     22544
   macro avg       0.75      0.87      0.79     22544
weighted avg       0.88      0.86      0.86     22544

[[8768  289   50  110  494]
 [  20 2285   77   22   17]
 [ 751  682 5581    1  443]
 [   3   16    0  159   22]
 [  85    5    2   63 2599]]
