53
20201021_134950
0.8604506742370476
              precision    recall  f1-score   support

           0       0.90      0.89      0.90      9711
           1       0.81      0.85      0.83      2421
           2       0.95      0.79      0.86      7458
           3       0.46      0.86      0.60       200
           4       0.68      0.96      0.80      2754

    accuracy                           0.86     22544
   macro avg       0.76      0.87      0.80     22544
weighted avg       0.88      0.86      0.86     22544

[[8670  265   16   75  685]
 [   3 2055  302   36   25]
 [ 900  195 5867    4  492]
 [   4    0    0  173   23]
 [  17    9    9   86 2633]]
