56
20201021_121215
0.8605393896380412
              precision    recall  f1-score   support

           0       0.90      0.89      0.89      9711
           1       0.80      0.90      0.85      2421
           2       0.98      0.78      0.87      7458
           3       0.28      0.81      0.42       200
           4       0.70      0.96      0.81      2754

    accuracy                           0.86     22544
   macro avg       0.73      0.87      0.77     22544
weighted avg       0.89      0.86      0.87     22544

[[8634  307   46   90  634]
 [  10 2167   91  118   35]
 [ 926  205 5791  136  400]
 [   0    0    0  161   39]
 [  17   18    3   69 2647]]
