101
20201021_140055
0.8607168204400284
              precision    recall  f1-score   support

           0       0.90      0.87      0.89      9711
           1       0.81      0.88      0.84      2421
           2       0.91      0.83      0.86      7458
           3       0.22      0.93      0.35       200
           4       0.84      0.89      0.87      2754

    accuracy                           0.86     22544
   macro avg       0.74      0.88      0.76     22544
weighted avg       0.88      0.86      0.87     22544

[[8472  300  430  127  382]
 [  17 2129  208   32   35]
 [ 662  187 6167  422   20]
 [   1    0    0  185   14]
 [ 210    6    7   80 2451]]
