134
20201021_200100
0.8607168204400284
              precision    recall  f1-score   support

           0       0.87      0.90      0.89      9711
           1       0.83      0.92      0.87      2421
           2       0.97      0.79      0.87      7458
           3       0.50      0.73      0.59       200
           4       0.69      0.87      0.77      2754

    accuracy                           0.86     22544
   macro avg       0.77      0.84      0.80     22544
weighted avg       0.87      0.86      0.86     22544

[[8749  279   36   65  582]
 [   9 2224  158   17   13]
 [1027   99 5895    6  431]
 [   3   16    0  146   35]
 [ 229   60   18   57 2390]]
