50
20201021_215558
0.860805535841022
              precision    recall  f1-score   support

           0       0.87      0.90      0.88      9711
           1       0.83      0.93      0.88      2421
           2       0.98      0.77      0.86      7458
           3       0.38      0.76      0.51       200
           4       0.72      0.89      0.80      2754

    accuracy                           0.86     22544
   macro avg       0.76      0.85      0.79     22544
weighted avg       0.88      0.86      0.86     22544

[[8778  329   13  134  457]
 [   3 2255  128   16   19]
 [1151  103 5761   16  427]
 [   0   16    0  152   32]
 [ 209    6    2   77 2460]]
