87
20201021_121452
0.8611603974449965
              precision    recall  f1-score   support

           0       0.90      0.89      0.89      9711
           1       0.83      0.91      0.87      2421
           2       0.97      0.77      0.86      7458
           3       0.43      0.86      0.58       200
           4       0.67      0.97      0.79      2754

    accuracy                           0.86     22544
   macro avg       0.76      0.88      0.80     22544
weighted avg       0.88      0.86      0.86     22544

[[8643  283   66   94  625]
 [  13 2208   96   21   83]
 [ 967  134 5724   63  570]
 [   0    1    0  173   26]
 [  19   19    2   48 2666]]
