36
20201021_133419
0.8612047551454932
              precision    recall  f1-score   support

           0       0.91      0.90      0.90      9711
           1       0.75      0.84      0.79      2421
           2       0.95      0.79      0.86      7458
           3       0.54      0.82      0.65       200
           4       0.70      0.95      0.80      2754

    accuracy                           0.86     22544
   macro avg       0.77      0.86      0.80     22544
weighted avg       0.88      0.86      0.86     22544

[[8705  272   11   75  648]
 [  21 2034  300   23   43]
 [ 778  365 5904    5  406]
 [  14    0    0  165   21]
 [  54   50    7   36 2607]]
