142
20201021_112314
0.8615596167494677
              precision    recall  f1-score   support

           0       0.86      0.94      0.89      9711
           1       0.85      0.93      0.89      2421
           2       0.95      0.76      0.85      7458
           3       0.36      0.84      0.50       200
           4       0.79      0.82      0.80      2754

    accuracy                           0.86     22544
   macro avg       0.76      0.86      0.79     22544
weighted avg       0.87      0.86      0.86     22544

[[9084  239  135   88  165]
 [  18 2248  131   13   11]
 [1169  122 5670   69  428]
 [   6   17    0  169    8]
 [ 333   25    9  135 2252]]
