133
20201021_200056
0.8615152590489709
              precision    recall  f1-score   support

           0       0.88      0.90      0.89      9711
           1       0.84      0.92      0.88      2421
           2       0.96      0.80      0.87      7458
           3       0.49      0.72      0.58       200
           4       0.69      0.86      0.77      2754

    accuracy                           0.86     22544
   macro avg       0.77      0.84      0.80     22544
weighted avg       0.87      0.86      0.86     22544

[[8749  274   41   67  580]
 [   9 2226  155   18   13]
 [ 980  100 5939    8  431]
 [   4   16    0  144   36]
 [ 234   36   64   56 2364]]
