16
20201021_133927
0.8616483321504613
              precision    recall  f1-score   support

           0       0.90      0.89      0.89      9711
           1       0.85      0.92      0.89      2421
           2       0.96      0.80      0.87      7458
           3       0.46      0.85      0.60       200
           4       0.65      0.89      0.75      2754

    accuracy                           0.86     22544
   macro avg       0.76      0.87      0.80     22544
weighted avg       0.88      0.86      0.87     22544

[[8621  296   93   67  634]
 [   2 2236  132   20   31]
 [ 760   78 5954   16  650]
 [   2    1    0  171   26]
 [ 192   18    6   95 2443]]
