33
20201021_084648
0.8618257629524485
              precision    recall  f1-score   support

           0       0.87      0.91      0.89      9711
           1       0.79      0.92      0.85      2421
           2       0.96      0.82      0.89      7458
           3       0.43      0.85      0.57       200
           4       0.75      0.77      0.76      2754

    accuracy                           0.86     22544
   macro avg       0.76      0.85      0.79     22544
weighted avg       0.87      0.86      0.86     22544

[[8799  315   93   69  435]
 [   0 2222  161   32    6]
 [ 812  268 6126   13  239]
 [   0    0    0  170   30]
 [ 510   15    5  112 2112]]
