58
20201021_140922
0.8618701206529453
              precision    recall  f1-score   support

           0       0.88      0.89      0.89      9711
           1       0.86      0.89      0.87      2421
           2       0.96      0.78      0.86      7458
           3       0.51      0.82      0.63       200
           4       0.69      0.97      0.81      2754

    accuracy                           0.86     22544
   macro avg       0.78      0.87      0.81     22544
weighted avg       0.88      0.86      0.86     22544

[[8641  270   44   72  684]
 [   1 2162  199   27   32]
 [1142   91 5792    4  429]
 [   4    0    0  164   32]
 [  22    4    4   53 2671]]
