88
20201021_133850
0.8624911284599006
              precision    recall  f1-score   support

           0       0.90      0.91      0.91      9711
           1       0.72      0.89      0.79      2421
           2       0.97      0.77      0.86      7458
           3       0.52      0.86      0.65       200
           4       0.73      0.93      0.82      2754

    accuracy                           0.86     22544
   macro avg       0.77      0.87      0.80     22544
weighted avg       0.88      0.86      0.86     22544

[[8825  309    5   84  488]
 [  16 2150  177   26   52]
 [ 805  517 5726    4  406]
 [   9    0    0  172   19]
 [ 112   23    1   47 2571]]
