18
20201021_113326
0.8631564939673527
              precision    recall  f1-score   support

           0       0.86      0.91      0.89      9711
           1       0.80      0.89      0.84      2421
           2       0.97      0.82      0.89      7458
           3       0.33      0.82      0.47       200
           4       0.78      0.80      0.79      2754

    accuracy                           0.86     22544
   macro avg       0.75      0.85      0.77     22544
weighted avg       0.88      0.86      0.87     22544

[[8808  297   15   77  514]
 [  14 2151  191   45   20]
 [1016  195 6136   53   58]
 [   1    2    2  164   31]
 [ 348   33    8  165 2200]]
