27
20201021_134024
0.86333392476934
              precision    recall  f1-score   support

           0       0.90      0.89      0.89      9711
           1       0.83      0.91      0.87      2421
           2       0.96      0.81      0.88      7458
           3       0.35      0.83      0.50       200
           4       0.69      0.89      0.78      2754

    accuracy                           0.86     22544
   macro avg       0.75      0.87      0.78     22544
weighted avg       0.88      0.86      0.87     22544

[[8654  300   97  128  532]
 [   2 2200  132   41   46]
 [ 828  117 6004   22  487]
 [   4    2    0  167   27]
 [ 170   27    6  113 2438]]
