67
20201021_133701
0.8634226401703335
              precision    recall  f1-score   support

           0       0.91      0.90      0.91      9711
           1       0.74      0.87      0.80      2421
           2       0.96      0.78      0.86      7458
           3       0.54      0.83      0.66       200
           4       0.71      0.95      0.81      2754

    accuracy                           0.86     22544
   macro avg       0.77      0.87      0.81     22544
weighted avg       0.88      0.86      0.87     22544

[[8778  264    6   80  583]
 [  19 2117  217   18   50]
 [ 791  444 5794    6  423]
 [  10    0    0  167   23]
 [  76   28    5   36 2609]]
