5
20201021_091108
0.8634669978708304
              precision    recall  f1-score   support

           0       0.91      0.89      0.90      9711
           1       0.83      0.81      0.82      2421
           2       0.96      0.83      0.89      7458
           3       0.34      0.79      0.48       200
           4       0.67      0.91      0.77      2754

    accuracy                           0.86     22544
   macro avg       0.74      0.85      0.77     22544
weighted avg       0.88      0.86      0.87     22544

[[8649  296   53   92  621]
 [ 102 1971  220  103   25]
 [ 666   78 6180    2  532]
 [   0    8    0  158   34]
 [ 123   10    5  108 2508]]
