127
20201021_200031
0.8635113555713272
              precision    recall  f1-score   support

           0       0.88      0.90      0.89      9711
           1       0.84      0.92      0.88      2421
           2       0.95      0.81      0.87      7458
           3       0.48      0.72      0.58       200
           4       0.69      0.84      0.76      2754

    accuracy                           0.86     22544
   macro avg       0.77      0.84      0.80     22544
weighted avg       0.87      0.86      0.87     22544

[[8754  267   55   65  570]
 [   9 2232  150   17   13]
 [ 896  103 6014   14  431]
 [   4   16    0  144   36]
 [ 243   40   90   58 2323]]
