77
20201021_135857
0.8636887863733144
              precision    recall  f1-score   support

           0       0.91      0.87      0.89      9711
           1       0.82      0.90      0.86      2421
           2       0.92      0.83      0.87      7458
           3       0.19      0.93      0.32       200
           4       0.85      0.87      0.86      2754

    accuracy                           0.86     22544
   macro avg       0.74      0.88      0.76     22544
weighted avg       0.89      0.86      0.87     22544

[[8495  307  404  139  366]
 [  29 2191  140   26   35]
 [ 644  170 6206  438    0]
 [   1    0    0  186   13]
 [ 172    6   12  171 2393]]
