30
20201021_134040
0.863777501774308
              precision    recall  f1-score   support

           0       0.89      0.89      0.89      9711
           1       0.84      0.91      0.87      2421
           2       0.96      0.80      0.88      7458
           3       0.35      0.84      0.49       200
           4       0.69      0.88      0.78      2754

    accuracy                           0.86     22544
   macro avg       0.75      0.87      0.78     22544
weighted avg       0.88      0.86      0.87     22544

[[8674  290  100  135  512]
 [   2 2205  127   40   47]
 [ 840  118 5998   22  480]
 [   3    2    0  168   27]
 [ 177   25    7  117 2428]]
