35
20201021_112547
0.8637331440738112
              precision    recall  f1-score   support

           0       0.89      0.91      0.90      9711
           1       0.84      0.89      0.87      2421
           2       0.97      0.78      0.86      7458
           3       0.31      0.82      0.45       200
           4       0.71      0.93      0.81      2754

    accuracy                           0.86     22544
   macro avg       0.74      0.87      0.78     22544
weighted avg       0.88      0.86      0.87     22544

[[8791  256   76   48  540]
 [   8 2166  112   88   47]
 [ 935  157 5795  152  419]
 [   4    0    0  164   32]
 [ 123    3    2   70 2556]]
