68
20201021_084949
0.8640436479772888
              precision    recall  f1-score   support

           0       0.89      0.90      0.90      9711
           1       0.78      0.92      0.85      2421
           2       0.97      0.78      0.86      7458
           3       0.49      0.82      0.61       200
           4       0.72      0.92      0.81      2754

    accuracy                           0.86     22544
   macro avg       0.77      0.87      0.80     22544
weighted avg       0.88      0.86      0.87     22544

[[8748  287   47   98  531]
 [   3 2236  160   16    6]
 [ 905  324 5788    0  441]
 [   8    0    0  165   27]
 [ 140   10    1   61 2542]]
