69
20201021_135819
0.8640880056777857
              precision    recall  f1-score   support

           0       0.92      0.86      0.89      9711
           1       0.83      0.91      0.87      2421
           2       0.92      0.83      0.87      7458
           3       0.19      0.92      0.32       200
           4       0.82      0.91      0.87      2754

    accuracy                           0.86     22544
   macro avg       0.74      0.89      0.76     22544
weighted avg       0.89      0.86      0.87     22544

[[8361  305  419  144  482]
 [  23 2201  137   25   35]
 [ 646  151 6222  439    0]
 [   0    0    0  184   16]
 [  63    4   13  162 2512]]
