66
20201021_084938
0.8640880056777857
              precision    recall  f1-score   support

           0       0.89      0.90      0.90      9711
           1       0.78      0.92      0.85      2421
           2       0.97      0.78      0.86      7458
           3       0.49      0.82      0.61       200
           4       0.72      0.91      0.80      2754

    accuracy                           0.86     22544
   macro avg       0.77      0.87      0.80     22544
weighted avg       0.88      0.86      0.87     22544

[[8773  284   48   97  509]
 [   3 2236  160   17    5]
 [ 896  324 5797    0  441]
 [   8    0    0  164   28]
 [ 173   10    1   60 2510]]
