28
20201021_113546
0.8651082327892122
              precision    recall  f1-score   support

           0       0.91      0.89      0.90      9711
           1       0.78      0.95      0.86      2421
           2       0.99      0.78      0.87      7458
           3       0.36      0.82      0.50       200
           4       0.69      0.94      0.80      2754

    accuracy                           0.87     22544
   macro avg       0.75      0.87      0.79     22544
weighted avg       0.89      0.87      0.87     22544

[[8672  270   27   81  661]
 [   2 2289   44   66   20]
 [ 880  337 5802    5  434]
 [   5    1    0  164   30]
 [  15   23    5  135 2576]]
