22
20201021_121050
0.8653300212916962
              precision    recall  f1-score   support

           0       0.91      0.89      0.90      9711
           1       0.80      0.90      0.84      2421
           2       0.96      0.79      0.87      7458
           3       0.47      0.83      0.60       200
           4       0.70      0.97      0.81      2754

    accuracy                           0.87     22544
   macro avg       0.77      0.88      0.80     22544
weighted avg       0.88      0.87      0.87     22544

[[8633  270   55  109  644]
 [  10 2171  181   20   39]
 [ 862  275 5871    2  448]
 [   3    0    0  167   30]
 [  11   14    7   56 2666]]
