32
20201021_125202
0.8654187366926899
              precision    recall  f1-score   support

           0       0.88      0.91      0.90      9711
           1       0.84      0.87      0.85      2421
           2       0.95      0.82      0.88      7458
           3       0.45      0.83      0.59       200
           4       0.71      0.81      0.76      2754

    accuracy                           0.87     22544
   macro avg       0.77      0.85      0.80     22544
weighted avg       0.88      0.87      0.87     22544

[[8860  236  130   58  427]
 [  16 2108  154   62   81]
 [ 760  165 6139    0  394]
 [   9    0    0  167   24]
 [ 417    8   11   82 2236]]
