24
20201021_121059
0.8655518097941802
              precision    recall  f1-score   support

           0       0.91      0.89      0.90      9711
           1       0.80      0.90      0.84      2421
           2       0.96      0.79      0.87      7458
           3       0.46      0.82      0.59       200
           4       0.70      0.97      0.81      2754

    accuracy                           0.87     22544
   macro avg       0.76      0.87      0.80     22544
weighted avg       0.88      0.87      0.87     22544

[[8635  270   56  111  639]
 [   9 2175  177   21   39]
 [ 859  275 5873    4  447]
 [   3    0    0  165   32]
 [  13   14    7   55 2665]]
