30
20201021_125152
0.8669268985095813
              precision    recall  f1-score   support

           0       0.88      0.91      0.90      9711
           1       0.84      0.87      0.86      2421
           2       0.95      0.83      0.89      7458
           3       0.45      0.83      0.58       200
           4       0.71      0.81      0.76      2754

    accuracy                           0.87     22544
   macro avg       0.77      0.85      0.80     22544
weighted avg       0.88      0.87      0.87     22544

[[8845  236  136   57  437]
 [  14 2105  158   64   80]
 [ 727  149 6191    0  391]
 [  10    0    0  166   24]
 [ 415    8   12   82 2237]]
