36
20201021_110414
0.8670156139105749
              precision    recall  f1-score   support

           0       0.90      0.89      0.90      9711
           1       0.83      0.93      0.88      2421
           2       0.97      0.78      0.87      7458
           3       0.41      0.79      0.54       200
           4       0.69      0.96      0.80      2754

    accuracy                           0.87     22544
   macro avg       0.76      0.87      0.80     22544
weighted avg       0.89      0.87      0.87     22544

[[8673  272   57  100  609]
 [   5 2248   92   40   36]
 [ 939  138 5834   37  510]
 [   6    0    4  158   32]
 [  22   44    1   54 2633]]
