26
20201021_113536
0.8672374024130589
              precision    recall  f1-score   support

           0       0.91      0.89      0.90      9711
           1       0.78      0.94      0.86      2421
           2       0.99      0.78      0.87      7458
           3       0.36      0.82      0.50       200
           4       0.69      0.93      0.79      2754

    accuracy                           0.87     22544
   macro avg       0.75      0.88      0.79     22544
weighted avg       0.89      0.87      0.87     22544

[[8683  264   18   82  664]
 [   2 2285   48   67   19]
 [ 831  340 5850    5  432]
 [   6    1    0  164   29]
 [  15   25    4  141 2569]]
