20
20201021_212421
0.8673704755145494
              precision    recall  f1-score   support

           0       0.88      0.91      0.89      9711
           1       0.83      0.88      0.85      2421
           2       0.95      0.82      0.88      7458
           3       0.56      0.82      0.67       200
           4       0.73      0.84      0.78      2754

    accuracy                           0.87     22544
   macro avg       0.79      0.85      0.82     22544
weighted avg       0.87      0.87      0.87     22544

[[8833  315   88   46  429]
 [  42 2121  230    9   19]
 [ 845   97 6124   15  377]
 [   8    0    0  165   27]
 [ 365   16    3   59 2311]]
