98
20201021_085227
0.8677696948190206
              precision    recall  f1-score   support

           0       0.89      0.86      0.87      9711
           1       0.82      0.93      0.87      2421
           2       0.91      0.83      0.87      7458
           3       0.55      0.89      0.68       200
           4       0.80      0.95      0.87      2754

    accuracy                           0.87     22544
   macro avg       0.79      0.89      0.83     22544
weighted avg       0.87      0.87      0.87     22544

[[8347  292  484   57  531]
 [   2 2245  156   11    7]
 [ 981  204 6185    0   88]
 [   2    0    0  177   21]
 [  51    8    8   78 2609]]
