91
20201021_085149
0.8682132718239887
              precision    recall  f1-score   support

           0       0.89      0.86      0.88      9711
           1       0.82      0.92      0.87      2421
           2       0.91      0.83      0.87      7458
           3       0.54      0.88      0.67       200
           4       0.80      0.94      0.87      2754

    accuracy                           0.87     22544
   macro avg       0.79      0.89      0.83     22544
weighted avg       0.87      0.87      0.87     22544

[[8364  292  469   58  528]
 [   2 2238  167   11    3]
 [ 977  203 6196    0   82]
 [   2    0    0  176   22]
 [  55   10    7   83 2599]]
