7
20201021_113318
0.8691891412349184
              precision    recall  f1-score   support

           0       0.93      0.87      0.89      9711
           1       0.75      0.88      0.81      2421
           2       0.94      0.85      0.89      7458
           3       0.41      0.84      0.55       200
           4       0.74      0.94      0.83      2754

    accuracy                           0.87     22544
   macro avg       0.75      0.87      0.79     22544
weighted avg       0.88      0.87      0.87     22544

[[8402  234  136   91  848]
 [   1 2135  249   18   18]
 [ 664  452 6311   16   15]
 [   2    1    0  169   28]
 [  14   31   10  121 2578]]
