35
20201021_110409
0.8691447835344216
              precision    recall  f1-score   support

           0       0.90      0.89      0.90      9711
           1       0.83      0.93      0.88      2421
           2       0.97      0.79      0.87      7458
           3       0.41      0.79      0.54       200
           4       0.69      0.96      0.80      2754

    accuracy                           0.87     22544
   macro avg       0.76      0.87      0.80     22544
weighted avg       0.89      0.87      0.87     22544

[[8665  274   59   99  614]
 [   4 2251   92   41   33]
 [ 883  139 5886   37  513]
 [   6    0    4  158   32]
 [  22   44    1   53 2634]]
