52
20201021_112713
0.8698545067423705
              precision    recall  f1-score   support

           0       0.89      0.91      0.90      9711
           1       0.84      0.92      0.88      2421
           2       0.97      0.78      0.87      7458
           3       0.39      0.82      0.53       200
           4       0.71      0.92      0.80      2754

    accuracy                           0.87     22544
   macro avg       0.76      0.87      0.79     22544
weighted avg       0.89      0.87      0.87     22544

[[8834  243   62   45  527]
 [  14 2239   87   31   50]
 [ 857  179 5852  131  439]
 [   3    0    0  165   32]
 [ 172    2    4   56 2520]]
