99
20201021_223518
0.8263839602555003
              precision    recall  f1-score   support

           0       0.85      0.85      0.85      9711
           1       0.67      0.90      0.77      2421
           2       0.96      0.75      0.84      7458
           3       0.45      0.83      0.58       200
           4       0.71      0.87      0.78      2754

    accuracy                           0.83     22544
   macro avg       0.73      0.84      0.77     22544
weighted avg       0.85      0.83      0.83     22544

[[8288  787   26  117  493]
 [   0 2167  207   20   27]
 [1280  152 5608    2  416]
 [   0    0    0  166   34]
 [ 177  111    2   63 2401]]
