Epoch: 49
20201105_095735
Accuracy: 0.8420865862313698
Classification Report:
              precision    recall  f1-score   support

           0       0.87      0.84      0.86      9711
           1       0.89      0.78      0.83      7458
           2       0.72      0.93      0.81      2754
           3       0.84      0.94      0.89      2421
           4       0.46      0.72      0.56       200

    accuracy                           0.84     22544
   macro avg       0.75      0.84      0.79     22544
weighted avg       0.85      0.84      0.84     22544

Confusion Matrix:
[[8195  606  544  312   54]
 [1060 5801  436  112   49]
 [ 113   24 2559   13   45]
 [   2   99   12 2284   24]
 [  24    3   28    0  145]]
