Epoch: 92
20201117_220207
Accuracy: 0.870652945351313
Classification Report:
              precision    recall  f1-score   support

           0       0.88      0.94      0.91      9711
           1       0.82      0.89      0.86      2421
           2       0.96      0.85      0.90      7458
           3       0.14      0.35      0.20       200
           4       0.77      0.69      0.73      2754

    accuracy                           0.87     22544
   macro avg       0.72      0.75      0.72     22544
weighted avg       0.88      0.87      0.87     22544

Confusion Matrix:
[[9137  242   93   48  191]
 [  67 2158  135   42   19]
 [ 570   91 6350  115  332]
 [   2  111    0   71   16]
 [ 597   15   10  220 1912]]
