Epoch: 29
20201117_212327
Accuracy: 0.8709190915542938
Classification Report:
              precision    recall  f1-score   support

           0       0.93      0.87      0.90      9711
           1       0.68      0.85      0.76      2421
           2       0.97      0.90      0.94      7458
           3       0.11      0.36      0.17       200
           4       0.82      0.84      0.83      2754

    accuracy                           0.87     22544
   macro avg       0.70      0.77      0.72     22544
weighted avg       0.90      0.87      0.88     22544

Confusion Matrix:
[[8458  767   69   94  323]
 [  18 2069  105   50  179]
 [ 542   92 6714  107    3]
 [   7  111    2   72    8]
 [  95    3    6  329 2321]]
