Epoch: 193
20201117_233015
Accuracy: 0.8718062455642299
Classification Report:
              precision    recall  f1-score   support

           0       0.90      0.95      0.92      9711
           1       0.82      0.81      0.82      2421
           2       0.97      0.89      0.93      7458
           3       0.13      0.52      0.21       200
           4       0.78      0.64      0.70      2754

    accuracy                           0.87     22544
   macro avg       0.72      0.76      0.71     22544
weighted avg       0.89      0.87      0.88     22544

Confusion Matrix:
[[9187  241   91   40  152]
 [  51 1957  130  190   93]
 [ 401   97 6644   85  231]
 [  10   74    1  103   12]
 [ 592    7   11  381 1763]]
