Epoch: 84
20201117_220121
Accuracy: 0.8737579843860894
Classification Report:
              precision    recall  f1-score   support

           0       0.88      0.94      0.91      9711
           1       0.84      0.90      0.87      2421
           2       0.96      0.85      0.90      7458
           3       0.16      0.35      0.22       200
           4       0.77      0.73      0.75      2754

    accuracy                           0.87     22544
   macro avg       0.72      0.75      0.73     22544
weighted avg       0.88      0.87      0.88     22544

Confusion Matrix:
[[9118  211  108   52  222]
 [  26 2187  134   44   30]
 [ 595   92 6323  110  338]
 [   1  111    0   71   17]
 [ 568   12    9  166 1999]]
