Epoch: 148
20201117_220735
Accuracy: 0.8777058197303051
Classification Report:
              precision    recall  f1-score   support

           0       0.88      0.95      0.91      9711
           1       0.82      0.86      0.84      2421
           2       0.96      0.86      0.91      7458
           3       0.17      0.34      0.23       200
           4       0.79      0.73      0.76      2754

    accuracy                           0.88     22544
   macro avg       0.73      0.75      0.73     22544
weighted avg       0.89      0.88      0.88     22544

Confusion Matrix:
[[9185  248   88   47  143]
 [ 155 2082  138   33   13]
 [ 487   79 6449   72  371]
 [   2  111    0   68   19]
 [ 553   13   14  171 2003]]
