Epoch: 177
20201117_221022
Accuracy: 0.8779276082327893
Classification Report:
              precision    recall  f1-score   support

           0       0.88      0.95      0.91      9711
           1       0.83      0.86      0.84      2421
           2       0.96      0.86      0.91      7458
           3       0.17      0.34      0.22       200
           4       0.79      0.73      0.76      2754

    accuracy                           0.88     22544
   macro avg       0.73      0.75      0.73     22544
weighted avg       0.89      0.88      0.88     22544

Confusion Matrix:
[[9200  235   93   43  140]
 [ 148 2082  130   45   16]
 [ 496   75 6437   76  374]
 [   3  111    0   67   19]
 [ 558   11   12  167 2006]]
