Epoch: 184
20201117_221102
Accuracy: 0.8783711852377573
Classification Report:
              precision    recall  f1-score   support

           0       0.89      0.95      0.92      9711
           1       0.83      0.85      0.84      2421
           2       0.96      0.87      0.91      7458
           3       0.17      0.34      0.23       200
           4       0.78      0.72      0.75      2754

    accuracy                           0.88     22544
   macro avg       0.73      0.75      0.73     22544
weighted avg       0.89      0.88      0.88     22544

Confusion Matrix:
[[9200  232   95   41  143]
 [ 164 2064  136   39   18]
 [ 450   81 6474   73  380]
 [   3  111    0   68   18]
 [ 560    7   12  179 1996]]
