Epoch: 43
20201108_184343
Accuracy: 0.8639105748757985
Classification Report:
              precision    recall  f1-score   support

           0       0.92      0.90      0.91      9711
           1       0.95      0.88      0.91      7458
           2       0.77      0.75      0.76      2754
           3       0.71      0.84      0.77      2421
           4       0.10      0.29      0.14       200

    accuracy                           0.86     22544
   macro avg       0.69      0.73      0.70     22544
weighted avg       0.88      0.86      0.87     22544

Confusion Matrix:
[[8745  123  146  642   55]
 [ 376 6590  397   43   52]
 [ 297    4 2055    9  389]
 [  33  235   72 2028   53]
 [  11    0    6  125   58]]
