Epoch: 67
20201108_190254
Accuracy: 0.8679914833215047
Classification Report:
              precision    recall  f1-score   support

           0       0.91      0.92      0.92      9711
           1       0.95      0.88      0.91      7458
           2       0.78      0.73      0.75      2754
           3       0.76      0.84      0.80      2421
           4       0.09      0.28      0.14       200

    accuracy                           0.87     22544
   macro avg       0.70      0.73      0.70     22544
weighted avg       0.89      0.87      0.88     22544

Confusion Matrix:
[[8966  119  132  446   48]
 [ 457 6526  374   50   51]
 [ 354    2 1997   13  388]
 [  30  229   42 2022   98]
 [  10    0    7  126   57]]
