Epoch: 77
20201108_191116
Accuracy: 0.8691447835344216
Classification Report:
              precision    recall  f1-score   support

           0       0.91      0.93      0.92      9711
           1       0.95      0.87      0.91      7458
           2       0.83      0.72      0.77      2754
           3       0.78      0.83      0.80      2421
           4       0.08      0.35      0.13       200

    accuracy                           0.87     22544
   macro avg       0.71      0.74      0.71     22544
weighted avg       0.89      0.87      0.88     22544

Confusion Matrix:
[[9005  111  133  411   51]
 [ 452 6524  195   47  240]
 [ 353    4 1982   11  404]
 [  34  227   65 2013   82]
 [   7    0    8  115   70]]
