88
20201022_135820
0.8400017743080199
              precision    recall  f1-score   support

           0       0.83      0.88      0.86      9711
           1       0.79      0.93      0.85      2421
           2       0.91      0.81      0.86      7458
           3       0.21      0.72      0.33        67
           4       0.79      0.71      0.75      2887

    accuracy                           0.84     22544
   macro avg       0.71      0.81      0.73     22544
weighted avg       0.85      0.84      0.84     22544

[[8539  345  454   43  330]
 [  11 2244  120    0   46]
 [1142  119 6056    0  141]
 [   1    0    0   48   18]
 [ 559  137    7  134 2050]]
