62
20201022_124416
0.8402235628105039
              precision    recall  f1-score   support

           0       0.92      0.84      0.88      9711
           1       0.72      0.89      0.79      2421
           2       0.88      0.79      0.83      7458
           3       0.41      0.69      0.51        67
           4       0.69      0.93      0.80      2887

    accuracy                           0.84     22544
   macro avg       0.72      0.83      0.76     22544
weighted avg       0.86      0.84      0.84     22544

[[8185  288  526   37  675]
 [   5 2148  219    0   49]
 [ 713  429 5866    0  450]
 [   0    1    0   46   20]
 [  17  125   19   29 2697]]
