23
20201022_135250
0.8404897090134847
              precision    recall  f1-score   support

           0       0.82      0.92      0.87      9711
           1       0.81      0.89      0.85      2421
           2       0.95      0.81      0.87      7458
           3       0.17      0.61      0.27        67
           4       0.74      0.63      0.68      2887

    accuracy                           0.84     22544
   macro avg       0.70      0.77      0.71     22544
weighted avg       0.85      0.84      0.84     22544

[[8920  292   67   45  387]
 [  27 2162  221    0   11]
 [1137   72 6006   22  221]
 [   0    0    0   41   26]
 [ 796  135    5  132 1819]]
