70
20201022_123528
0.8415542938254081
              precision    recall  f1-score   support

           0       0.90      0.85      0.87      9711
           1       0.74      0.88      0.80      2421
           2       0.91      0.78      0.84      7458
           3       0.33      0.67      0.44        67
           4       0.69      0.94      0.80      2887

    accuracy                           0.84     22544
   macro avg       0.71      0.82      0.75     22544
weighted avg       0.86      0.84      0.84     22544

[[8241  350  443   42  635]
 [  42 2127  131   19  102]
 [ 870  287 5842    0  459]
 [   4    0    0   45   18]
 [  32  102    6   30 2717]]
