68
20201022_124454
0.8418647977288858
              precision    recall  f1-score   support

           0       0.92      0.84      0.88      9711
           1       0.73      0.89      0.80      2421
           2       0.88      0.79      0.84      7458
           3       0.41      0.69      0.52        67
           4       0.69      0.94      0.80      2887

    accuracy                           0.84     22544
   macro avg       0.73      0.83      0.77     22544
weighted avg       0.86      0.84      0.84     22544

[[8186  287  528   37  673]
 [   5 2148  218    0   50]
 [ 705  407 5899    0  447]
 [   0    1    0   46   20]
 [  17  117   25   28 2700]]
