59
20201022_130054
0.8419091554293825
              precision    recall  f1-score   support

           0       0.90      0.89      0.90      9711
           1       0.64      0.94      0.76      2421
           2       0.98      0.71      0.83      7458
           3       0.30      0.78      0.44        67
           4       0.70      0.92      0.79      2887

    accuracy                           0.84     22544
   macro avg       0.71      0.85      0.74     22544
weighted avg       0.87      0.84      0.85     22544

[[8690  305   27   62  627]
 [   6 2267   62    1   85]
 [ 882  845 5312    2  417]
 [   0    0    0   52   15]
 [  32  139    3   54 2659]]
