27
20201022_132616
0.8435947480482612
              precision    recall  f1-score   support

           0       0.84      0.92      0.88      9711
           1       0.83      0.88      0.86      2421
           2       0.96      0.78      0.86      7458
           3       0.26      0.73      0.38        67
           4       0.69      0.74      0.72      2887

    accuracy                           0.84     22544
   macro avg       0.72      0.81      0.74     22544
weighted avg       0.86      0.84      0.85     22544

[[8912  215   82   82  420]
 [  65 2142  169    8   37]
 [1139   59 5785    8  467]
 [   2    0    0   49   16]
 [ 537  172    7   41 2130]]
