89
20201022_124639
0.8438165365507452
              precision    recall  f1-score   support

           0       0.92      0.84      0.88      9711
           1       0.73      0.88      0.80      2421
           2       0.89      0.80      0.84      7458
           3       0.40      0.69      0.51        67
           4       0.69      0.94      0.80      2887

    accuracy                           0.84     22544
   macro avg       0.73      0.83      0.76     22544
weighted avg       0.86      0.84      0.85     22544

[[8195  275  529   39  673]
 [   5 2127  225    0   64]
 [ 680  390 5944    0  444]
 [   0    1    0   46   20]
 [  15  121   10   30 2711]]
