86
20201022_124624
0.8439052519517388
              precision    recall  f1-score   support

           0       0.92      0.84      0.88      9711
           1       0.73      0.88      0.80      2421
           2       0.89      0.80      0.84      7458
           3       0.40      0.69      0.51        67
           4       0.69      0.94      0.80      2887

    accuracy                           0.84     22544
   macro avg       0.73      0.83      0.76     22544
weighted avg       0.86      0.84      0.85     22544

[[8196  274  527   39  675]
 [   5 2125  228    0   63]
 [ 676  394 5944    0  444]
 [   0    1    0   46   20]
 [  16  119    9   29 2714]]
