98
20201022_131048
0.8466997870830376
              precision    recall  f1-score   support

           0       0.90      0.88      0.89      9711
           1       0.67      0.91      0.77      2421
           2       0.96      0.76      0.85      7458
           3       0.27      0.81      0.40        67
           4       0.72      0.90      0.80      2887

    accuracy                           0.85     22544
   macro avg       0.70      0.85      0.74     22544
weighted avg       0.87      0.85      0.85     22544

[[8552  478   44   54  583]
 [   6 2204  189    0   22]
 [ 901  454 5691    1  411]
 [   1    1    0   54   11]
 [  41  166    2   91 2587]]
