Epoch: 999
20201116_214111
Accuracy: 0.8318843151171044
Classification Report:
              precision    recall  f1-score   support

           0       0.90      0.93      0.91      9711
           1       0.81      0.71      0.76      2421
           2       0.90      0.88      0.89      7458
           3       0.04      0.26      0.07       200
           4       0.79      0.50      0.61      2754

    accuracy                           0.83     22544
   macro avg       0.69      0.66      0.65     22544
weighted avg       0.87      0.83      0.84     22544

Confusion Matrix:
[[9026  229   96   39  321]
 [ 132 1729  508   31   21]
 [ 428   83 6573  361   13]
 [  24   77   36   51   12]
 [ 464    4   89  822 1375]]
