Epoch: 199
20201116_015216
Accuracy: 0.8378282469836764
Classification Report:
              precision    recall  f1-score   support

           0       0.89      0.90      0.90      9711
           1       0.84      0.83      0.84      2421
           2       0.86      0.87      0.87      7458
           3       0.13      0.61      0.21       200
           4       0.82      0.54      0.65      2754

    accuracy                           0.84     22544
   macro avg       0.71      0.75      0.69     22544
weighted avg       0.86      0.84      0.84     22544

Confusion Matrix:
[[8774  193  616   43   85]
 [  73 2004  305   19   20]
 [ 349  138 6511  250  210]
 [  24   39    8  122    7]
 [ 620    2  141  514 1477]]
