Epoch: 99
20201116_121017
Accuracy: 0.8381387508871541
Classification Report:
              precision    recall  f1-score   support

           0       0.85      0.95      0.90      9711
           1       0.87      0.71      0.78      2421
           2       0.86      0.90      0.88      7458
           3       0.09      0.21      0.13       200
           4       0.80      0.45      0.58      2754

    accuracy                           0.84     22544
   macro avg       0.69      0.64      0.65     22544
weighted avg       0.84      0.84      0.83     22544

Confusion Matrix:
[[9196  203  149   20  143]
 [  32 1712  577    0  100]
 [ 287   39 6701  368   63]
 [  26   15  102   43   14]
 [1249    3  232   27 1243]]
