Epoch: 53
20201119_104309
Accuracy: 0.8701650106458482
Classification Report:
              precision    recall  f1-score   support

           0       0.90      0.90      0.90      9711
           1       0.73      0.85      0.79      2421
           2       0.95      0.90      0.93      7458
           3       0.21      0.81      0.33       200
           4       0.90      0.70      0.79      2754

    accuracy                           0.87     22544
   macro avg       0.74      0.83      0.75     22544
weighted avg       0.89      0.87      0.88     22544

Confusion Matrix:
[[8715  608  136  195   57]
 [   0 2062  151   74  134]
 [ 383  124 6743  201    7]
 [  13   13    3  163    8]
 [ 624   10   44  142 1934]]
