Epoch: 65
20201119_104743
Accuracy: 0.870652945351313
Classification Report:
              precision    recall  f1-score   support

           0       0.90      0.91      0.91      9711
           1       0.71      0.84      0.77      2421
           2       0.96      0.90      0.93      7458
           3       0.26      0.80      0.39       200
           4       0.82      0.71      0.76      2754

    accuracy                           0.87     22544
   macro avg       0.73      0.83      0.75     22544
weighted avg       0.89      0.87      0.88     22544

Confusion Matrix:
[[8801  679   89   46   96]
 [  30 2027  183   75  106]
 [ 314  114 6697  122  211]
 [  17    9    5  160    9]
 [ 573   15    5  218 1943]]
