Epoch: 7
20201119_111609
Accuracy: 0.8713626685592619
Classification Report:
              precision    recall  f1-score   support

           0       0.89      0.89      0.89      9711
           1       0.72      0.83      0.77      2421
           2       0.93      0.91      0.92      7458
           3       0.34      0.77      0.47       200
           4       0.88      0.75      0.81      2754

    accuracy                           0.87     22544
   macro avg       0.75      0.83      0.77     22544
weighted avg       0.88      0.87      0.87     22544

Confusion Matrix:
[[8645  647  214   60  145]
 [   0 2003  272   44  102]
 [ 523   90 6778   49   18]
 [   6   18    0  154   22]
 [ 518   13   13  146 2064]]
