Epoch: 66
20201119_235946
Accuracy: 0.8722941802696949
Classification Report:
              precision    recall  f1-score   support

           0       0.92      0.90      0.91      9711
           1       0.71      0.73      0.72      2421
           2       0.97      0.91      0.93      7458
           3       0.26      0.79      0.39       200
           4       0.75      0.83      0.79      2754

    accuracy                           0.87     22544
   macro avg       0.72      0.83      0.75     22544
weighted avg       0.89      0.87      0.88     22544

Confusion Matrix:
[[8704  639   97  104  167]
 [  19 1775  141  206  280]
 [ 298   58 6753   56  293]
 [  17   13    0  157   13]
 [ 389    7    2   80 2276]]
