Epoch: 68
20201119_002921
Accuracy: 0.8722054648687012
Classification Report:
              precision    recall  f1-score   support

           0       0.90      0.89      0.90      9711
           1       0.71      0.79      0.75      2421
           2       0.95      0.92      0.94      7458
           3       0.30      0.74      0.43       200
           4       0.83      0.74      0.78      2754

    accuracy                           0.87     22544
   macro avg       0.74      0.82      0.76     22544
weighted avg       0.88      0.87      0.88     22544

Confusion Matrix:
[[8677  677  124   39  194]
 [ 178 1911  207   38   87]
 [ 315   75 6886   58  124]
 [  10   15    4  149   22]
 [ 478    9   22  205 2040]]
