Epoch: 43
20201119_141846
Accuracy: 0.8727377572746629
Classification Report:
              precision    recall  f1-score   support

           0       0.92      0.89      0.90      9711
           1       0.71      0.81      0.76      2421
           2       0.94      0.89      0.91      7458
           3       0.23      0.72      0.35       200
           4       0.86      0.82      0.84      2754

    accuracy                           0.87     22544
   macro avg       0.73      0.83      0.75     22544
weighted avg       0.89      0.87      0.88     22544

Confusion Matrix:
[[8665  663  142   54  187]
 [  28 1950  261   28  154]
 [ 474  109 6646  222    7]
 [  13    9   21  144   13]
 [ 278   13   28  165 2270]]
