Epoch: 109
20201119_004238
Accuracy: 0.8740684882895671
Classification Report:
              precision    recall  f1-score   support

           0       0.91      0.89      0.90      9711
           1       0.70      0.78      0.74      2421
           2       0.92      0.93      0.93      7458
           3       0.35      0.72      0.47       200
           4       0.87      0.74      0.80      2754

    accuracy                           0.87     22544
   macro avg       0.75      0.81      0.77     22544
weighted avg       0.88      0.87      0.88     22544

Confusion Matrix:
[[8685  698  134   42  152]
 [ 134 1882  318   24   63]
 [ 308   93 6958   38   61]
 [  12   16    1  144   27]
 [ 400   11  141  166 2036]]
