Epoch: 30
20201119_022130
Accuracy: 0.8748669268985095
Classification Report:
              precision    recall  f1-score   support

           0       0.90      0.90      0.90      9711
           1       0.71      0.80      0.75      2421
           2       0.94      0.94      0.94      7458
           3       0.24      0.73      0.36       200
           4       0.92      0.68      0.78      2754

    accuracy                           0.87     22544
   macro avg       0.74      0.81      0.75     22544
weighted avg       0.89      0.87      0.88     22544

Confusion Matrix:
[[8755  633  170   89   64]
 [  25 1934  295   68   99]
 [ 296  100 7010   49    3]
 [  17   29    0  147    7]
 [ 612    9    3  253 1877]]
