Epoch: 39
20201119_145556
Accuracy: 0.8753105039034776
Classification Report:
              precision    recall  f1-score   support

           0       0.92      0.89      0.91      9711
           1       0.65      0.86      0.74      2421
           2       0.94      0.89      0.92      7458
           3       0.35      0.82      0.49       200
           4       0.90      0.78      0.83      2754

    accuracy                           0.88     22544
   macro avg       0.75      0.85      0.78     22544
weighted avg       0.89      0.88      0.88     22544

Confusion Matrix:
[[8673  681  140   77  140]
 [   3 2092  263   30   33]
 [ 315  421 6664    9   49]
 [  17    0    1  165   17]
 [ 402   12   15  186 2139]]
