Epoch: 37
20201119_022344
Accuracy: 0.8759758694109298
Classification Report:
              precision    recall  f1-score   support

           0       0.90      0.90      0.90      9711
           1       0.72      0.81      0.76      2421
           2       0.94      0.94      0.94      7458
           3       0.28      0.81      0.42       200
           4       0.92      0.69      0.79      2754

    accuracy                           0.88     22544
   macro avg       0.75      0.83      0.76     22544
weighted avg       0.89      0.88      0.88     22544

Confusion Matrix:
[[8744  640  185   79   63]
 [  32 1949  279   64   97]
 [ 302  108 6999   42    7]
 [  17   16    0  161    6]
 [ 621   10    4  224 1895]]
