Epoch: 51
20201119_235351
Accuracy: 0.8761089425124201
Classification Report:
              precision    recall  f1-score   support

           0       0.94      0.90      0.92      9711
           1       0.86      0.78      0.82      2421
           2       0.93      0.92      0.92      7458
           3       0.13      0.79      0.23       200
           4       0.85      0.78      0.81      2754

    accuracy                           0.88     22544
   macro avg       0.74      0.83      0.74     22544
weighted avg       0.91      0.88      0.89     22544

Confusion Matrix:
[[8725  194  102  553  137]
 [  35 1893  239  234   20]
 [ 283  101 6830   46  198]
 [   9   17    0  157   17]
 [ 276    5  151  176 2146]]
