Epoch: 188
20201119_010740
Accuracy: 0.8792139815471965
Classification Report:
              precision    recall  f1-score   support

           0       0.91      0.90      0.90      9711
           1       0.86      0.85      0.86      2421
           2       0.89      0.92      0.90      7458
           3       0.32      0.78      0.45       200
           4       0.86      0.74      0.80      2754

    accuracy                           0.88     22544
   macro avg       0.77      0.84      0.78     22544
weighted avg       0.89      0.88      0.88     22544

Confusion Matrix:
[[8718  199  591   44  159]
 [   2 2060  275   27   57]
 [ 310  114 6855   79  100]
 [  23   16    0  155    6]
 [ 524    7    7  183 2033]]
