Epoch: 38
20201119_001946
Accuracy: 0.8794357700496807
Classification Report:
              precision    recall  f1-score   support

           0       0.91      0.90      0.91      9711
           1       0.86      0.82      0.84      2421
           2       0.87      0.92      0.90      7458
           3       0.29      0.46      0.36       200
           4       0.86      0.77      0.81      2754

    accuracy                           0.88     22544
   macro avg       0.76      0.77      0.76     22544
weighted avg       0.88      0.88      0.88     22544

Confusion Matrix:
[[8733  199  564   24  191]
 [   2 1997  380   28   14]
 [ 308   98 6883   51  118]
 [  22   16   62   91    9]
 [ 501    8    7  116 2122]]
