Epoch: 80
20201119_003318
Accuracy: 0.8799680624556423
Classification Report:
              precision    recall  f1-score   support

           0       0.91      0.90      0.90      9711
           1       0.86      0.86      0.86      2421
           2       0.88      0.92      0.90      7458
           3       0.30      0.35      0.32       200
           4       0.84      0.77      0.81      2754

    accuracy                           0.88     22544
   macro avg       0.76      0.76      0.76     22544
weighted avg       0.88      0.88      0.88     22544

Confusion Matrix:
[[8696  200  589   27  199]
 [   2 2076  275   13   55]
 [ 308  124 6865   14  147]
 [  21   16   86   70    7]
 [ 497    8   10  108 2131]]
