35
20201021_140259
0.850026614620298
              precision    recall  f1-score   support

           0       0.87      0.90      0.88      9711
           1       0.80      0.84      0.82      2421
           2       0.96      0.76      0.85      7458
           3       0.32      0.80      0.46       200
           4       0.71      0.93      0.81      2754

    accuracy                           0.85     22544
   macro avg       0.73      0.85      0.76     22544
weighted avg       0.87      0.85      0.85     22544

[[8703  291   57   90  570]
 [  18 2043  174  131   55]
 [1144  198 5687   47  382]
 [  13    5    0  160   22]
 [ 100   10    0   74 2570]]
