163
20201021_140556
0.8501596877217885
              precision    recall  f1-score   support

           0       0.90      0.89      0.90      9711
           1       0.76      0.78      0.77      2421
           2       0.89      0.81      0.85      7458
           3       0.20      0.94      0.33       200
           4       0.88      0.87      0.88      2754

    accuracy                           0.85     22544
   macro avg       0.73      0.86      0.74     22544
weighted avg       0.87      0.85      0.86     22544

[[8663  292  493  124  139]
 [  11 1892  251   96  171]
 [ 672  312 6029  445    0]
 [   7    0    0  188    5]
 [ 265    5    7   83 2394]]
