22
20201021_084552
0.8501596877217885
              precision    recall  f1-score   support

           0       0.88      0.89      0.89      9711
           1       0.72      0.93      0.81      2421
           2       0.97      0.81      0.88      7458
           3       0.39      0.84      0.54       200
           4       0.71      0.75      0.73      2754

    accuracy                           0.85     22544
   macro avg       0.73      0.85      0.77     22544
weighted avg       0.87      0.85      0.85     22544

[[8650  338   67   77  579]
 [   0 2252  134   29    6]
 [ 669  517 6017   13  242]
 [   0    1    0  169   30]
 [ 507   20    8  141 2078]]
