58
20201021_091527
0.8502040454222853
              precision    recall  f1-score   support

           0       0.90      0.86      0.88      9711
           1       0.87      0.86      0.86      2421
           2       0.89      0.83      0.86      7458
           3       0.39      0.81      0.53       200
           4       0.68      0.88      0.77      2754

    accuracy                           0.85     22544
   macro avg       0.75      0.85      0.78     22544
weighted avg       0.86      0.85      0.85     22544

[[8332  253  515  111  500]
 [   3 2078  225   51   64]
 [ 672   61 6158    1  566]
 [   6    0    0  163   31]
 [ 209    6    9   94 2436]]
