83
20201021_210649
0.8502484031227822
              precision    recall  f1-score   support

           0       0.86      0.92      0.89      9711
           1       0.76      0.93      0.83      2421
           2       0.98      0.74      0.84      7458
           3       0.41      0.85      0.55       200
           4       0.73      0.84      0.78      2754

    accuracy                           0.85     22544
   macro avg       0.75      0.86      0.78     22544
weighted avg       0.87      0.85      0.85     22544

[[8887  316    8  101  399]
 [  20 2246  133   17    5]
 [1009  392 5542   85  430]
 [   0    0    0  170   30]
 [ 367   18    0   46 2323]]
