56
20201021_141206
0.8503371185237757
              precision    recall  f1-score   support

           0       0.89      0.90      0.90      9711
           1       0.75      0.92      0.83      2421
           2       0.95      0.74      0.83      7458
           3       0.21      0.86      0.33       200
           4       0.80      0.90      0.84      2754

    accuracy                           0.85     22544
   macro avg       0.72      0.86      0.75     22544
weighted avg       0.88      0.85      0.86     22544

[[8776  257   87  126  465]
 [   5 2219  177   14    6]
 [1056  454 5536  274  138]
 [  11    0    0  172   17]
 [  28   11    6  242 2467]]
