17
20201021_090242
0.8503814762242725
              precision    recall  f1-score   support

           0       0.88      0.86      0.87      9711
           1       0.70      0.89      0.78      2421
           2       0.97      0.83      0.89      7458
           3       0.39      0.84      0.53       200
           4       0.73      0.85      0.79      2754

    accuracy                           0.85     22544
   macro avg       0.73      0.86      0.77     22544
weighted avg       0.87      0.85      0.85     22544

[[8326  822   37   79  447]
 [  19 2166  170   40   26]
 [ 785   99 6159   68  347]
 [   0    0    0  169   31]
 [ 291   29    5   78 2351]]
