56
20201021_213049
0.8504258339247693
              precision    recall  f1-score   support

           0       0.86      0.93      0.89      9711
           1       0.81      0.76      0.79      2421
           2       0.95      0.78      0.86      7458
           3       0.26      0.82      0.39       200
           4       0.78      0.86      0.81      2754

    accuracy                           0.85     22544
   macro avg       0.73      0.83      0.75     22544
weighted avg       0.87      0.85      0.85     22544

[[9022  307   41   50  291]
 [  78 1847  229   24  243]
 [1143  120 5782  287  126]
 [  15    0    0  164   21]
 [ 275    6    4  112 2357]]
