125
20201021_134206
0.8504701916252662
              precision    recall  f1-score   support

           0       0.86      0.94      0.90      9711
           1       0.72      0.86      0.78      2421
           2       0.96      0.73      0.83      7458
           3       0.51      0.81      0.62       200
           4       0.77      0.86      0.82      2754

    accuracy                           0.85     22544
   macro avg       0.76      0.84      0.79     22544
weighted avg       0.86      0.85      0.85     22544

[[9135  295   12   66  203]
 [   7 2077  223   39   75]
 [1110  510 5418   13  407]
 [  24    0    0  163   13]
 [ 314   17    2   41 2380]]
