59
20201021_141221
0.850514549325763
              precision    recall  f1-score   support

           0       0.89      0.90      0.90      9711
           1       0.75      0.92      0.83      2421
           2       0.95      0.74      0.83      7458
           3       0.20      0.85      0.32       200
           4       0.81      0.90      0.85      2754

    accuracy                           0.85     22544
   macro avg       0.72      0.86      0.75     22544
weighted avg       0.88      0.85      0.86     22544

[[8786  256   87  119  463]
 [   6 2217  178   14    6]
 [1058  457 5530  321   92]
 [  11    0    0  171   18]
 [  27   11    6  240 2470]]
