141
20201021_114519
0.8505589070262598
              precision    recall  f1-score   support

           0       0.86      0.89      0.88      9711
           1       0.78      0.88      0.83      2421
           2       0.95      0.77      0.85      7458
           3       0.52      0.85      0.65       200
           4       0.72      0.89      0.80      2754

    accuracy                           0.85     22544
   macro avg       0.77      0.86      0.80     22544
weighted avg       0.86      0.85      0.85     22544

[[8680  455   61   80  435]
 [  12 2120  219   21   49]
 [1147  124 5751    2  434]
 [   7    0    0  170   23]
 [ 236    8    5   51 2454]]
