89
20201021_122103
0.8506032647267565
              precision    recall  f1-score   support

           0       0.85      0.91      0.88      9711
           1       0.82      0.87      0.85      2421
           2       0.97      0.77      0.86      7458
           3       0.38      0.87      0.53       200
           4       0.72      0.85      0.78      2754

    accuracy                           0.85     22544
   macro avg       0.75      0.85      0.78     22544
weighted avg       0.87      0.85      0.85     22544

[[8811  300   26  136  438]
 [  10 2112  179   82   38]
 [1144  148 5741    4  421]
 [   5    1    0  174   20]
 [ 343    7    1   65 2338]]
