38
20201021_105628
0.8506032647267565
              precision    recall  f1-score   support

           0       0.86      0.91      0.88      9711
           1       0.74      0.96      0.84      2421
           2       0.99      0.73      0.84      7458
           3       0.60      0.82      0.70       200
           4       0.72      0.89      0.79      2754

    accuracy                           0.85     22544
   macro avg       0.78      0.86      0.81     22544
weighted avg       0.87      0.85      0.85     22544

[[8809  292   37   58  515]
 [  12 2336   22   20   31]
 [1150  486 5418    0  404]
 [  11    0    0  165   24]
 [ 246   24    5   31 2448]]
