51
20201021_212951
0.8506032647267565
              precision    recall  f1-score   support

           0       0.86      0.93      0.89      9711
           1       0.81      0.76      0.78      2421
           2       0.95      0.78      0.86      7458
           3       0.27      0.82      0.41       200
           4       0.76      0.87      0.81      2754

    accuracy                           0.85     22544
   macro avg       0.73      0.83      0.75     22544
weighted avg       0.87      0.85      0.85     22544

[[8988  309   44   47  323]
 [  66 1836  228   25  266]
 [1132  118 5799  261  148]
 [  14    0    0  164   22]
 [ 245    6    4  110 2389]]
