42
20201021_084735
0.850736337828247
              precision    recall  f1-score   support

           0       0.91      0.88      0.89      9711
           1       0.74      0.89      0.81      2421
           2       0.98      0.78      0.87      7458
           3       0.38      0.75      0.50       200
           4       0.65      0.91      0.76      2754

    accuracy                           0.85     22544
   macro avg       0.73      0.84      0.77     22544
weighted avg       0.88      0.85      0.86     22544

[[8557  290   97   88  679]
 [   5 2151   47   36  182]
 [ 756  409 5811   40  442]
 [   1   17    0  150   32]
 [ 117   40    1   86 2510]]
