101
20201021_111246
0.8511799148332151
              precision    recall  f1-score   support

           0       0.88      0.88      0.88      9711
           1       0.84      0.92      0.88      2421
           2       0.97      0.76      0.85      7458
           3       0.26      0.85      0.40       200
           4       0.70      0.95      0.81      2754

    accuracy                           0.85     22544
   macro avg       0.73      0.87      0.76     22544
weighted avg       0.88      0.85      0.86     22544

[[8529  287   57  322  516]
 [   3 2236  134   41    7]
 [1118  123 5634   28  555]
 [   5    0    0  171   24]
 [  25    6    4  100 2619]]
