16
20201021_205415
0.8512242725337118
              precision    recall  f1-score   support

           0       0.86      0.90      0.88      9711
           1       0.82      0.89      0.85      2421
           2       0.96      0.80      0.87      7458
           3       0.24      0.86      0.37       200
           4       0.76      0.80      0.78      2754

    accuracy                           0.85     22544
   macro avg       0.73      0.85      0.75     22544
weighted avg       0.87      0.85      0.86     22544

[[8708  279   40  114  570]
 [   3 2143  193   25   57]
 [ 965  176 5958  321   38]
 [   6    0    0  173   21]
 [ 431    9    7   99 2208]]
