28
20201021_205633
0.8512686302342086
              precision    recall  f1-score   support

           0       0.88      0.90      0.89      9711
           1       0.76      0.88      0.82      2421
           2       0.95      0.75      0.84      7458
           3       0.48      0.80      0.60       200
           4       0.70      0.95      0.81      2754

    accuracy                           0.85     22544
   macro avg       0.76      0.85      0.79     22544
weighted avg       0.87      0.85      0.85     22544

[[8697  336   17   56  605]
 [   1 2125  242   33   20]
 [1127  296 5589    5  441]
 [   2    1    0  159   38]
 [  17   34    5   77 2621]]
