76
20201021_223115
0.8513573456352023
              precision    recall  f1-score   support

           0       0.88      0.89      0.88      9711
           1       0.83      0.93      0.88      2421
           2       0.97      0.74      0.84      7458
           3       0.27      0.86      0.42       200
           4       0.70      0.96      0.81      2754

    accuracy                           0.85     22544
   macro avg       0.73      0.88      0.77     22544
weighted avg       0.88      0.85      0.86     22544

[[8610  297   62   98  644]
 [   0 2245   87   78   11]
 [1143  143 5531  212  429]
 [   2    0    0  173   25]
 [  32   18    1   69 2634]]
