58
20201021_114735
0.8513129879347054
              precision    recall  f1-score   support

           0       0.88      0.89      0.88      9711
           1       0.78      0.90      0.83      2421
           2       0.96      0.76      0.85      7458
           3       0.21      0.86      0.33       200
           4       0.80      0.93      0.86      2754

    accuracy                           0.85     22544
   macro avg       0.72      0.87      0.75     22544
weighted avg       0.88      0.85      0.86     22544

[[8602  332   49  129  599]
 [  28 2167  190   25   11]
 [1126  250 5698  355   29]
 [   8    0    0  173   19]
 [  13   33    3  153 2552]]
