133
20201021_135618
0.8514017033356991
              precision    recall  f1-score   support

           0       0.87      0.91      0.89      9711
           1       0.79      0.88      0.83      2421
           2       0.94      0.76      0.84      7458
           3       0.44      0.87      0.58       200
           4       0.74      0.87      0.80      2754

    accuracy                           0.85     22544
   macro avg       0.76      0.86      0.79     22544
weighted avg       0.86      0.85      0.85     22544

[[8840  308   57   63  443]
 [   1 2121  265   24   10]
 [1120  250 5652   57  379]
 [   6    0    0  174   20]
 [ 250    6   12   79 2407]]
