209
20201021_200537
0.8514017033356991
              precision    recall  f1-score   support

           0       0.92      0.87      0.89      9711
           1       0.78      0.86      0.82      2421
           2       0.95      0.82      0.88      7458
           3       0.25      0.81      0.38       200
           4       0.67      0.88      0.76      2754

    accuracy                           0.85     22544
   macro avg       0.71      0.85      0.75     22544
weighted avg       0.88      0.85      0.86     22544

[[8402  363   63  349  534]
 [  16 2087  202   33   83]
 [ 676   81 6117   14  570]
 [   0    5    7  162   26]
 [  31  142   56   99 2426]]
