56
20201021_110554
0.8514904187366927
              precision    recall  f1-score   support

           0       0.87      0.89      0.88      9711
           1       0.83      0.93      0.88      2421
           2       0.98      0.73      0.84      7458
           3       0.36      0.80      0.50       200
           4       0.70      0.96      0.81      2754

    accuracy                           0.85     22544
   macro avg       0.75      0.86      0.78     22544
weighted avg       0.87      0.85      0.85     22544

[[8668  263   40  122  618]
 [   6 2240   91   49   35]
 [1312  166 5481   50  449]
 [   8    0    1  160   31]
 [  21   27    0   59 2647]]
