59
20201021_125419
0.8514460610361959
              precision    recall  f1-score   support

           0       0.87      0.91      0.89      9711
           1       0.82      0.81      0.82      2421
           2       0.95      0.81      0.87      7458
           3       0.44      0.85      0.58       200
           4       0.68      0.79      0.73      2754

    accuracy                           0.85     22544
   macro avg       0.75      0.84      0.78     22544
weighted avg       0.86      0.85      0.85     22544

[[8843  255  121   60  432]
 [  14 1972  214   61  160]
 [ 860  167 6024    1  406]
 [   9    0    0  171   20]
 [ 452    7   12   98 2185]]
