67
20201021_092323
0.8514017033356991
              precision    recall  f1-score   support

           0       0.87      0.90      0.89      9711
           1       0.83      0.93      0.87      2421
           2       0.96      0.74      0.84      7458
           3       0.33      0.86      0.48       200
           4       0.70      0.90      0.79      2754

    accuracy                           0.85     22544
   macro avg       0.74      0.87      0.77     22544
weighted avg       0.87      0.85      0.85     22544

[[8765  302   84  118  442]
 [  11 2247  111   17   35]
 [1151  165 5542   44  556]
 [   0    2    0  172   26]
 [ 101    7   11  167 2468]]
