132
20201021_135613
0.8515791341376863
              precision    recall  f1-score   support

           0       0.87      0.91      0.89      9711
           1       0.79      0.88      0.83      2421
           2       0.94      0.76      0.84      7458
           3       0.43      0.86      0.57       200
           4       0.74      0.87      0.80      2754

    accuracy                           0.85     22544
   macro avg       0.75      0.86      0.79     22544
weighted avg       0.86      0.85      0.85     22544

[[8837  305   59   64  446]
 [   1 2119  268   23   10]
 [1118  241 5663   66  370]
 [   9    0    0  173   18]
 [ 250    6   12   80 2406]]
