50
20201021_140413
0.8517565649396736
              precision    recall  f1-score   support

           0       0.87      0.90      0.89      9711
           1       0.80      0.84      0.82      2421
           2       0.96      0.76      0.85      7458
           3       0.35      0.81      0.49       200
           4       0.72      0.93      0.81      2754

    accuracy                           0.85     22544
   macro avg       0.74      0.85      0.77     22544
weighted avg       0.87      0.85      0.85     22544

[[8742  292   54   88  535]
 [  29 2045  187   98   62]
 [1146  202 5686   47  377]
 [  10    4    0  163   23]
 [ 111   10    1   66 2566]]
