50
20201021_110524
0.8518009226401704
              precision    recall  f1-score   support

           0       0.86      0.89      0.88      9711
           1       0.83      0.93      0.88      2421
           2       0.98      0.73      0.84      7458
           3       0.38      0.80      0.51       200
           4       0.70      0.96      0.81      2754

    accuracy                           0.85     22544
   macro avg       0.75      0.86      0.78     22544
weighted avg       0.87      0.85      0.85     22544

[[8679  264   39  114  615]
 [   6 2241   90   47   37]
 [1321  163 5480   45  449]
 [   8    0    2  159   31]
 [  22   31    0   57 2644]]
