160
20201021_141744
0.8518896380411639
              precision    recall  f1-score   support

           0       0.85      0.92      0.88      9711
           1       0.85      0.84      0.84      2421
           2       0.95      0.78      0.85      7458
           3       0.45      0.79      0.57       200
           4       0.71      0.85      0.77      2754

    accuracy                           0.85     22544
   macro avg       0.76      0.83      0.78     22544
weighted avg       0.86      0.85      0.85     22544

[[8909  249   96   63  394]
 [  12 2028  185   72  124]
 [1143  110 5781    4  420]
 [   9    0    0  158   33]
 [ 361    3    3   58 2329]]
