52
20201021_110534
0.8518896380411639
              precision    recall  f1-score   support

           0       0.87      0.89      0.88      9711
           1       0.83      0.93      0.88      2421
           2       0.98      0.74      0.84      7458
           3       0.37      0.80      0.51       200
           4       0.70      0.96      0.81      2754

    accuracy                           0.85     22544
   macro avg       0.75      0.86      0.78     22544
weighted avg       0.87      0.85      0.85     22544

[[8674  261   40  117  619]
 [   6 2242   89   48   36]
 [1317  160 5482   49  450]
 [   8    0    1  160   31]
 [  22   27    0   58 2647]]
