102
20201021_094058
0.8519783534421576
              precision    recall  f1-score   support

           0       0.88      0.92      0.90      9711
           1       0.83      0.73      0.78      2421
           2       0.94      0.77      0.85      7458
           3       0.31      0.82      0.45       200
           4       0.72      0.94      0.81      2754

    accuracy                           0.85     22544
   macro avg       0.74      0.84      0.76     22544
weighted avg       0.87      0.85      0.85     22544

[[8926  249  103   50  383]
 [   1 1774  263  202  181]
 [1138  110 5766   29  415]
 [   9    3    0  165   23]
 [  68   12   13   85 2576]]
