227
20201021_142305
0.8519783534421576
              precision    recall  f1-score   support

           0       0.86      0.91      0.88      9711
           1       0.82      0.82      0.82      2421
           2       0.96      0.78      0.86      7458
           3       0.33      0.83      0.47       200
           4       0.73      0.89      0.80      2754

    accuracy                           0.85     22544
   macro avg       0.74      0.84      0.77     22544
weighted avg       0.87      0.85      0.85     22544

[[8822  335   90   98  366]
 [   9 1981  178  147  106]
 [1143   93 5796   29  397]
 [  13    0    0  166   21]
 [ 244    2    3   63 2442]]
