58
20201021_142838
0.8519339957416607
              precision    recall  f1-score   support

           0       0.86      0.90      0.88      9711
           1       0.87      0.94      0.90      2421
           2       0.97      0.73      0.84      7458
           3       0.49      0.82      0.61       200
           4       0.66      0.92      0.77      2754

    accuracy                           0.85     22544
   macro avg       0.77      0.86      0.80     22544
weighted avg       0.87      0.85      0.85     22544

[[8759  251   81   84  536]
 [  13 2278   63   22   45]
 [1235   69 5467    9  678]
 [   0    0    0  164   36]
 [ 134   23    2   57 2538]]
