76
20201021_223104
0.8519339957416607
              precision    recall  f1-score   support

           0       0.87      0.90      0.88      9711
           1       0.80      0.91      0.85      2421
           2       0.96      0.76      0.85      7458
           3       0.42      0.83      0.56       200
           4       0.71      0.88      0.79      2754

    accuracy                           0.85     22544
   macro avg       0.75      0.86      0.79     22544
weighted avg       0.87      0.85      0.85     22544

[[8712  322   49  149  479]
 [   1 2205  176   21   18]
 [1105  198 5688    2  465]
 [   0    0    0  167   33]
 [ 236   21    3   60 2434]]
