94
20201021_195715
0.8523775727466288
              precision    recall  f1-score   support

           0       0.88      0.90      0.89      9711
           1       0.83      0.87      0.85      2421
           2       0.97      0.82      0.89      7458
           3       0.26      0.79      0.40       200
           4       0.66      0.75      0.70      2754

    accuracy                           0.85     22544
   macro avg       0.72      0.83      0.75     22544
weighted avg       0.87      0.85      0.86     22544

[[8773  261   46  206  425]
 [  11 2098  130   36  146]
 [ 694  115 6122   48  479]
 [   0   16    0  157   27]
 [ 485   39   18  146 2066]]
