222
20201021_142242
0.8523775727466288
              precision    recall  f1-score   support

           0       0.86      0.91      0.89      9711
           1       0.82      0.82      0.82      2421
           2       0.96      0.78      0.86      7458
           3       0.34      0.83      0.48       200
           4       0.73      0.89      0.80      2754

    accuracy                           0.85     22544
   macro avg       0.74      0.85      0.77     22544
weighted avg       0.87      0.85      0.86     22544

[[8827  326   90   96  372]
 [   8 1987  179  140  107]
 [1143  100 5789   23  403]
 [  12    0    0  167   21]
 [ 240    2    3   63 2446]]
