78
20201021_121529
0.8524662881476224
              precision    recall  f1-score   support

           0       0.91      0.85      0.88      9711
           1       0.76      0.88      0.82      2421
           2       0.91      0.81      0.86      7458
           3       0.48      0.85      0.62       200
           4       0.71      0.96      0.82      2754

    accuracy                           0.85     22544
   macro avg       0.75      0.87      0.80     22544
weighted avg       0.87      0.85      0.85     22544

[[8217  374  420  100  600]
 [  54 2141  162   22   42]
 [ 696  285 6032    4  441]
 [   3    0    0  171   26]
 [  21   14    4   58 2657]]
