65
20201021_092314
0.8525993612491128
              precision    recall  f1-score   support

           0       0.87      0.91      0.89      9711
           1       0.83      0.93      0.87      2421
           2       0.97      0.74      0.84      7458
           3       0.33      0.86      0.47       200
           4       0.70      0.89      0.78      2754

    accuracy                           0.85     22544
   macro avg       0.74      0.87      0.77     22544
weighted avg       0.87      0.85      0.86     22544

[[8800  292   48  125  446]
 [  11 2244  113   17   36]
 [1151  165 5545   44  553]
 [   0    1    0  172   27]
 [ 106    7   11  170 2460]]
