110
20201021_195916
0.852555003548616
              precision    recall  f1-score   support

           0       0.88      0.90      0.89      9711
           1       0.82      0.88      0.85      2421
           2       0.98      0.82      0.89      7458
           3       0.27      0.79      0.40       200
           4       0.65      0.76      0.70      2754

    accuracy                           0.85     22544
   macro avg       0.72      0.83      0.75     22544
weighted avg       0.87      0.85      0.86     22544

[[8692  300   51  227  441]
 [  14 2137   74   35  161]
 [ 678  101 6139   27  513]
 [   0   15    1  158   26]
 [ 462   38   20  140 2094]]
