71
20201021_223010
0.8526880766501065
              precision    recall  f1-score   support

           0       0.87      0.90      0.88      9711
           1       0.81      0.91      0.86      2421
           2       0.96      0.77      0.85      7458
           3       0.41      0.83      0.55       200
           4       0.70      0.88      0.78      2754

    accuracy                           0.85     22544
   macro avg       0.75      0.86      0.78     22544
weighted avg       0.87      0.85      0.86     22544

[[8701  324   47  155  484]
 [   1 2208  175   21   16]
 [1028  187 5714    2  527]
 [   0    0    0  167   33]
 [ 237   22    3   59 2433]]
