9
20201021_110159
0.8527767920511
              precision    recall  f1-score   support

           0       0.88      0.88      0.88      9711
           1       0.84      0.91      0.88      2421
           2       0.96      0.77      0.85      7458
           3       0.43      0.83      0.56       200
           4       0.67      0.96      0.79      2754

    accuracy                           0.85     22544
   macro avg       0.76      0.87      0.79     22544
weighted avg       0.87      0.85      0.86     22544

[[8504  305   58  105  739]
 [   0 2214  148   46   13]
 [1177   59 5709    5  508]
 [   0    0    1  166   33]
 [   9   43    2   68 2632]]
