9
20201021_133850
0.8527767920511
              precision    recall  f1-score   support

           0       0.88      0.89      0.88      9711
           1       0.84      0.92      0.88      2421
           2       0.96      0.81      0.88      7458
           3       0.44      0.86      0.59       200
           4       0.63      0.77      0.69      2754

    accuracy                           0.85     22544
   macro avg       0.75      0.85      0.78     22544
weighted avg       0.87      0.85      0.86     22544

[[8646  276   87   68  634]
 [   2 2226  148   17   28]
 [ 704  111 6050   25  568]
 [   1    1    0  172   26]
 [ 490   21    6  106 2131]]
