31
20201021_121016
0.8528211497515968
              precision    recall  f1-score   support

           0       0.88      0.88      0.88      9711
           1       0.80      0.89      0.85      2421
           2       0.97      0.76      0.85      7458
           3       0.31      0.80      0.44       200
           4       0.70      0.96      0.81      2754

    accuracy                           0.85     22544
   macro avg       0.73      0.86      0.77     22544
weighted avg       0.88      0.85      0.86     22544

[[8585  307   78   93  648]
 [   6 2157   97  131   30]
 [1121  188 5679   71  399]
 [   0    0    0  160   40]
 [   8   31    5   65 2645]]
