96
20201021_143157
0.8529098651525905
              precision    recall  f1-score   support

           0       0.86      0.90      0.88      9711
           1       0.84      0.94      0.89      2421
           2       0.97      0.74      0.84      7458
           3       0.53      0.83      0.65       200
           4       0.68      0.94      0.79      2754

    accuracy                           0.85     22544
   macro avg       0.78      0.87      0.81     22544
weighted avg       0.87      0.85      0.85     22544

[[8701  341  106   65  498]
 [  22 2270   69   16   44]
 [1267   68 5497    6  620]
 [   1    0    0  166   33]
 [  87    8    5   60 2594]]
