97
20201021_195747
0.8530872959545777
              precision    recall  f1-score   support

           0       0.88      0.90      0.89      9711
           1       0.83      0.87      0.85      2421
           2       0.97      0.82      0.89      7458
           3       0.27      0.79      0.40       200
           4       0.66      0.75      0.70      2754

    accuracy                           0.85     22544
   macro avg       0.72      0.83      0.75     22544
weighted avg       0.87      0.85      0.86     22544

[[8766  266   46  206  427]
 [  12 2114  115   35  145]
 [ 692  109 6128   45  484]
 [   0   16    1  157   26]
 [ 484   39   18  146 2067]]
