44
20201021_205926
0.8530872959545777
              precision    recall  f1-score   support

           0       0.86      0.91      0.88      9711
           1       0.82      0.88      0.85      2421
           2       0.96      0.80      0.87      7458
           3       0.24      0.87      0.37       200
           4       0.79      0.78      0.78      2754

    accuracy                           0.85     22544
   macro avg       0.73      0.85      0.75     22544
weighted avg       0.87      0.85      0.86     22544

[[8854  240   60   80  477]
 [   9 2127  192   32   61]
 [ 932  221 5940  364    1]
 [   5    0    0  174   21]
 [ 518    6    6   87 2137]]
