18
20201021_090247
0.8531316536550745
              precision    recall  f1-score   support

           0       0.89      0.86      0.87      9711
           1       0.70      0.90      0.78      2421
           2       0.97      0.83      0.89      7458
           3       0.39      0.84      0.53       200
           4       0.74      0.88      0.80      2754

    accuracy                           0.85     22544
   macro avg       0.74      0.86      0.78     22544
weighted avg       0.87      0.85      0.86     22544

[[8311  816   39   79  466]
 [  18 2169  164   43   27]
 [ 795   95 6153   65  350]
 [   0    0    0  169   31]
 [ 211   29    5   78 2431]]
