44
20201021_142030
0.8532203690560681
              precision    recall  f1-score   support

           0       0.88      0.90      0.89      9711
           1       0.80      0.91      0.85      2421
           2       0.95      0.79      0.86      7458
           3       0.42      0.79      0.55       200
           4       0.69      0.82      0.75      2754

    accuracy                           0.85     22544
   macro avg       0.75      0.84      0.78     22544
weighted avg       0.87      0.85      0.86     22544

[[8743  227  117   99  525]
 [   1 2203  177   24   16]
 [ 807  318 5884   11  438]
 [   1    0    0  157   42]
 [ 417    6    4   79 2248]]
