189
20201021_112711
0.8532203690560681
              precision    recall  f1-score   support

           0       0.84      0.93      0.89      9711
           1       0.83      0.92      0.87      2421
           2       0.95      0.76      0.84      7458
           3       0.31      0.81      0.44       200
           4       0.81      0.77      0.79      2754

    accuracy                           0.85     22544
   macro avg       0.75      0.84      0.77     22544
weighted avg       0.87      0.85      0.85     22544

[[9064  247  123   94  183]
 [  20 2234  144   16    7]
 [1163  180 5657  146  312]
 [  12   17    0  162    9]
 [ 491   25    9  111 2118]]
