88
20201021_093950
0.8532203690560681
              precision    recall  f1-score   support

           0       0.88      0.92      0.90      9711
           1       0.83      0.75      0.79      2421
           2       0.94      0.77      0.85      7458
           3       0.32      0.81      0.46       200
           4       0.72      0.93      0.81      2754

    accuracy                           0.85     22544
   macro avg       0.74      0.84      0.76     22544
weighted avg       0.87      0.85      0.86     22544

[[8914  245  111   51  390]
 [   1 1819  262  180  159]
 [1138  109 5766   28  417]
 [   9    3    0  162   26]
 [  66   15   11   88 2574]]
