14
20201021_110223
0.8533977998580553
              precision    recall  f1-score   support

           0       0.88      0.88      0.88      9711
           1       0.84      0.93      0.88      2421
           2       0.97      0.76      0.85      7458
           3       0.39      0.81      0.53       200
           4       0.67      0.96      0.79      2754

    accuracy                           0.85     22544
   macro avg       0.75      0.87      0.79     22544
weighted avg       0.88      0.85      0.86     22544

[[8508  289   63  109  742]
 [   0 2249  101   55   16]
 [1179   89 5683   23  484]
 [   0    0    2  161   37]
 [  12   40    1   63 2638]]
