213
20201021_142158
0.8533977998580553
              precision    recall  f1-score   support

           0       0.86      0.91      0.89      9711
           1       0.83      0.82      0.83      2421
           2       0.96      0.77      0.86      7458
           3       0.35      0.83      0.49       200
           4       0.73      0.89      0.80      2754

    accuracy                           0.85     22544
   macro avg       0.75      0.85      0.77     22544
weighted avg       0.87      0.85      0.86     22544

[[8855  293   90   95  378]
 [   8 1993  179  134  107]
 [1143  111 5777   20  407]
 [  12    0    0  167   21]
 [ 241    2    3   61 2447]]
