98
20201021_195758
0.8533534421575586
              precision    recall  f1-score   support

           0       0.88      0.90      0.89      9711
           1       0.83      0.87      0.85      2421
           2       0.97      0.82      0.89      7458
           3       0.27      0.79      0.40       200
           4       0.66      0.75      0.70      2754

    accuracy                           0.85     22544
   macro avg       0.72      0.83      0.75     22544
weighted avg       0.87      0.85      0.86     22544

[[8764  266   46  208  427]
 [  13 2118  109   35  146]
 [ 689  109 6131   44  485]
 [   0   16    1  157   26]
 [ 484   38   18  146 2068]]
