180
20201021_200349
0.853486515259049
              precision    recall  f1-score   support

           0       0.91      0.87      0.89      9711
           1       0.79      0.87      0.83      2421
           2       0.95      0.82      0.88      7458
           3       0.26      0.81      0.39       200
           4       0.67      0.86      0.75      2754

    accuracy                           0.85     22544
   macro avg       0.72      0.85      0.75     22544
weighted avg       0.88      0.85      0.86     22544

[[8493  348   69  309  492]
 [  13 2104  185   33   86]
 [ 677   80 6119   11  571]
 [   0    6    6  162   26]
 [ 112  132   38  109 2363]]
