45
20201021_142035
0.8535752306600426
              precision    recall  f1-score   support

           0       0.88      0.90      0.89      9711
           1       0.80      0.91      0.85      2421
           2       0.95      0.79      0.86      7458
           3       0.43      0.79      0.55       200
           4       0.69      0.82      0.75      2754

    accuracy                           0.85     22544
   macro avg       0.75      0.84      0.78     22544
weighted avg       0.87      0.85      0.86     22544

[[8746  228  116   98  523]
 [   1 2204  176   24   16]
 [ 795  324 5890   11  438]
 [   1    0    0  158   41]
 [ 419    6    4   80 2245]]
