85
20201021_122043
0.8535308729595458
              precision    recall  f1-score   support

           0       0.86      0.91      0.88      9711
           1       0.82      0.88      0.85      2421
           2       0.97      0.77      0.86      7458
           3       0.39      0.87      0.54       200
           4       0.72      0.87      0.79      2754

    accuracy                           0.85     22544
   macro avg       0.75      0.86      0.78     22544
weighted avg       0.87      0.85      0.86     22544

[[8816  300   25  126  444]
 [  13 2124  171   79   34]
 [1145  147 5740    4  422]
 [   5    1    0  174   20]
 [ 292    8    1   65 2388]]
