54
20201021_142118
0.8536639460610362
              precision    recall  f1-score   support

           0       0.88      0.90      0.89      9711
           1       0.80      0.91      0.85      2421
           2       0.95      0.79      0.86      7458
           3       0.47      0.80      0.59       200
           4       0.68      0.80      0.74      2754

    accuracy                           0.85     22544
   macro avg       0.76      0.84      0.79     22544
weighted avg       0.87      0.85      0.86     22544

[[8750  226  136   82  517]
 [   2 2207  176   21   15]
 [ 758  327 5925    5  443]
 [   1    0    0  160   39]
 [ 468    6    5   72 2203]]
