64
20201021_210313
0.8537970191625266
              precision    recall  f1-score   support

           0       0.88      0.90      0.89      9711
           1       0.77      0.89      0.83      2421
           2       0.96      0.75      0.84      7458
           3       0.48      0.81      0.61       200
           4       0.70      0.96      0.81      2754

    accuracy                           0.85     22544
   macro avg       0.76      0.86      0.80     22544
weighted avg       0.87      0.85      0.86     22544

[[8694  351    8   46  612]
 [   4 2145  206   35   31]
 [1143  254 5615   12  434]
 [   2    0    0  162   36]
 [  17   21    4   80 2632]]
