124
20201021_200013
0.8537970191625266
              precision    recall  f1-score   support

           0       0.89      0.89      0.89      9711
           1       0.83      0.88      0.85      2421
           2       0.98      0.82      0.89      7458
           3       0.27      0.80      0.40       200
           4       0.65      0.78      0.71      2754

    accuracy                           0.85     22544
   macro avg       0.72      0.83      0.75     22544
weighted avg       0.88      0.85      0.86     22544

[[8669  300   55  241  446]
 [  13 2136   79   38  155]
 [ 674   93 6133   21  537]
 [   0   13    2  159   26]
 [ 404   47   20  132 2151]]
