128
20201021_085456
0.8538413768630234
              precision    recall  f1-score   support

           0       0.87      0.85      0.86      9711
           1       0.83      0.93      0.88      2421
           2       0.90      0.79      0.84      7458
           3       0.50      0.91      0.64       200
           4       0.78      0.95      0.86      2754

    accuracy                           0.85     22544
   macro avg       0.78      0.89      0.82     22544
weighted avg       0.86      0.85      0.85     22544

[[8270  288  522   60  571]
 [   4 2243  159    8    7]
 [1196  152 5925   41  144]
 [   2    0    0  182   16]
 [  35    8    7   75 2629]]
