148
20201021_141646
0.8538413768630234
              precision    recall  f1-score   support

           0       0.86      0.92      0.89      9711
           1       0.86      0.82      0.84      2421
           2       0.95      0.78      0.86      7458
           3       0.42      0.81      0.55       200
           4       0.71      0.86      0.78      2754

    accuracy                           0.85     22544
   macro avg       0.76      0.84      0.78     22544
weighted avg       0.87      0.85      0.86     22544

[[8896  251   93   61  410]
 [  14 1997  181  101  128]
 [1143   70 5820    5  420]
 [   6    0    0  162   32]
 [ 318    2    4   56 2374]]
