97
20201021_210928
0.8538857345635202
              precision    recall  f1-score   support

           0       0.86      0.92      0.89      9711
           1       0.76      0.93      0.84      2421
           2       0.97      0.76      0.85      7458
           3       0.54      0.84      0.66       200
           4       0.74      0.82      0.77      2754

    accuracy                           0.85     22544
   macro avg       0.77      0.85      0.80     22544
weighted avg       0.87      0.85      0.85     22544

[[8939  284   52   88  348]
 [  23 2249  132   13    4]
 [ 981  400 5647    9  421]
 [   1    0    0  169   30]
 [ 458   11    4   35 2246]]
