35
20201021_110652
0.8538413768630234
              precision    recall  f1-score   support

           0       0.90      0.88      0.89      9711
           1       0.85      0.91      0.88      2421
           2       0.96      0.77      0.86      7458
           3       0.24      0.83      0.37       200
           4       0.68      0.92      0.78      2754

    accuracy                           0.85     22544
   macro avg       0.73      0.86      0.76     22544
weighted avg       0.88      0.85      0.86     22544

[[8576  296  115  154  570]
 [   1 2207  138   71    4]
 [ 886  101 5769  126  576]
 [   1    0    0  167   32]
 [  38    3    7  176 2530]]
