71
20201021_093828
0.8540188076650106
              precision    recall  f1-score   support

           0       0.88      0.91      0.90      9711
           1       0.82      0.80      0.81      2421
           2       0.93      0.76      0.84      7458
           3       0.38      0.81      0.52       200
           4       0.73      0.94      0.82      2754

    accuracy                           0.85     22544
   macro avg       0.75      0.85      0.78     22544
weighted avg       0.87      0.85      0.86     22544

[[8859  248  120   52  432]
 [   2 1945  267  113   94]
 [1141  172 5704   18  423]
 [   9    3    0  163   25]
 [  63   18   13   78 2582]]
