209
20201021_142139
0.8541962384669979
              precision    recall  f1-score   support

           0       0.86      0.91      0.89      9711
           1       0.84      0.82      0.83      2421
           2       0.96      0.77      0.86      7458
           3       0.36      0.84      0.50       200
           4       0.73      0.89      0.80      2754

    accuracy                           0.85     22544
   macro avg       0.75      0.85      0.78     22544
weighted avg       0.87      0.85      0.86     22544

[[8871  271   91   93  385]
 [   9 1995  179  129  109]
 [1143  113 5775   18  409]
 [  11    0    0  168   21]
 [ 241    3    2   60 2448]]
