73
20201021_110722
0.8541518807665011
              precision    recall  f1-score   support

           0       0.88      0.89      0.88      9711
           1       0.82      0.89      0.85      2421
           2       0.95      0.76      0.85      7458
           3       0.39      0.80      0.52       200
           4       0.70      0.96      0.81      2754

    accuracy                           0.85     22544
   macro avg       0.75      0.86      0.78     22544
weighted avg       0.87      0.85      0.86     22544

[[8625  270  104  101  611]
 [  10 2155  166   57   33]
 [1128  176 5676   30  448]
 [   8    0    1  160   31]
 [  24   24    0   66 2640]]
