121
20201021_135520
0.8542405961674947
              precision    recall  f1-score   support

           0       0.87      0.91      0.89      9711
           1       0.80      0.87      0.84      2421
           2       0.95      0.77      0.85      7458
           3       0.46      0.86      0.60       200
           4       0.73      0.88      0.80      2754

    accuracy                           0.85     22544
   macro avg       0.76      0.86      0.79     22544
weighted avg       0.87      0.85      0.86     22544

[[8831  280   58   69  473]
 [   3 2115  264   29   10]
 [1080  233 5706   24  415]
 [   7    0    0  173   20]
 [ 220    7    9   85 2433]]
