184
20201021_141939
0.8542405961674947
              precision    recall  f1-score   support

           0       0.86      0.91      0.89      9711
           1       0.85      0.84      0.84      2421
           2       0.95      0.78      0.86      7458
           3       0.42      0.81      0.55       200
           4       0.71      0.87      0.78      2754

    accuracy                           0.85     22544
   macro avg       0.76      0.84      0.78     22544
weighted avg       0.87      0.85      0.86     22544

[[8879  249   94   72  417]
 [  10 2028  183   80  120]
 [1143  110 5781    5  419]
 [  11    0    0  161   28]
 [ 274    3    2   66 2409]]
