74
20201021_093842
0.8545954577714692
              precision    recall  f1-score   support

           0       0.88      0.91      0.90      9711
           1       0.82      0.80      0.81      2421
           2       0.93      0.77      0.84      7458
           3       0.38      0.81      0.51       200
           4       0.73      0.94      0.82      2754

    accuracy                           0.85     22544
   macro avg       0.75      0.84      0.78     22544
weighted avg       0.87      0.85      0.86     22544

[[8869  248  119   51  424]
 [   1 1930  269  118  103]
 [1141  148 5724   20  425]
 [   9    3    0  161   27]
 [  62   16   15   79 2582]]
