40
20201021_110717
0.8545954577714692
              precision    recall  f1-score   support

           0       0.90      0.88      0.89      9711
           1       0.85      0.92      0.88      2421
           2       0.96      0.77      0.86      7458
           3       0.24      0.83      0.38       200
           4       0.68      0.92      0.78      2754

    accuracy                           0.85     22544
   macro avg       0.73      0.87      0.76     22544
weighted avg       0.88      0.85      0.86     22544

[[8577  291  120  152  571]
 [   1 2220  122   74    4]
 [ 908  100 5771  116  563]
 [   1    0    0  167   32]
 [  35    3    7  178 2531]]
