178
20201021_141911
0.8545511000709723
              precision    recall  f1-score   support

           0       0.86      0.92      0.89      9711
           1       0.85      0.84      0.85      2421
           2       0.95      0.78      0.86      7458
           3       0.44      0.80      0.56       200
           4       0.71      0.87      0.78      2754

    accuracy                           0.85     22544
   macro avg       0.76      0.84      0.79     22544
weighted avg       0.87      0.85      0.86     22544

[[8893  250   94   67  407]
 [  10 2039  183   71  118]
 [1143  111 5780    4  420]
 [  12    0    0  160   28]
 [ 291    3    2   65 2393]]
