79
20201021_122014
0.8545954577714692
              precision    recall  f1-score   support

           0       0.86      0.91      0.88      9711
           1       0.82      0.88      0.85      2421
           2       0.97      0.77      0.86      7458
           3       0.40      0.88      0.55       200
           4       0.72      0.87      0.79      2754

    accuracy                           0.85     22544
   macro avg       0.75      0.86      0.79     22544
weighted avg       0.87      0.85      0.86     22544

[[8817  302   22  122  448]
 [  11 2138  165   74   33]
 [1145  150 5737    4  422]
 [   5    1    0  175   19]
 [ 277   10    1   67 2399]]
