71
20201021_210431
0.8547728885734563
              precision    recall  f1-score   support

           0       0.88      0.90      0.89      9711
           1       0.78      0.89      0.83      2421
           2       0.97      0.75      0.85      7458
           3       0.48      0.82      0.61       200
           4       0.70      0.96      0.81      2754

    accuracy                           0.85     22544
   macro avg       0.76      0.86      0.80     22544
weighted avg       0.87      0.85      0.86     22544

[[8694  350    8   49  610]
 [   3 2156  185   33   44]
 [1143  255 5622   15  423]
 [   2    0    0  165   33]
 [  17   20    4   80 2633]]
