49
20201021_134220
0.8547285308729595
              precision    recall  f1-score   support

           0       0.85      0.90      0.88      9711
           1       0.82      0.90      0.86      2421
           2       0.96      0.80      0.87      7458
           3       0.30      0.85      0.44       200
           4       0.77      0.79      0.78      2754

    accuracy                           0.85     22544
   macro avg       0.74      0.85      0.77     22544
weighted avg       0.87      0.85      0.86     22544

[[8775  283   71  197  385]
 [   2 2173  158   38   50]
 [1066  172 5978   40  202]
 [   6    2    0  171   21]
 [ 420   30    3  129 2172]]
