42
20201021_222443
0.8549946770759403
              precision    recall  f1-score   support

           0       0.87      0.89      0.88      9711
           1       0.82      0.90      0.86      2421
           2       0.97      0.77      0.86      7458
           3       0.36      0.84      0.50       200
           4       0.71      0.90      0.79      2754

    accuracy                           0.85     22544
   macro avg       0.75      0.86      0.78     22544
weighted avg       0.87      0.85      0.86     22544

[[8680  331   29  171  500]
 [   4 2184  166   31   36]
 [1106  120 5753   14  465]
 [   0    0    0  169   31]
 [ 161   15    2   87 2489]]
