85
20201021_210705
0.855083392476934
              precision    recall  f1-score   support

           0       0.88      0.90      0.89      9711
           1       0.77      0.90      0.83      2421
           2       0.97      0.75      0.85      7458
           3       0.47      0.83      0.60       200
           4       0.71      0.96      0.82      2754

    accuracy                           0.86     22544
   macro avg       0.76      0.87      0.80     22544
weighted avg       0.87      0.86      0.86     22544

[[8707  345    8   52  599]
 [   7 2181  161   32   40]
 [1143  303 5584   28  400]
 [   2    0    0  166   32]
 [  23   12    3   77 2639]]
