24
20201021_212454
0.8551277501774308
              precision    recall  f1-score   support

           0       0.88      0.88      0.88      9711
           1       0.85      0.88      0.86      2421
           2       0.94      0.77      0.85      7458
           3       0.50      0.86      0.63       200
           4       0.69      0.96      0.81      2754

    accuracy                           0.86     22544
   macro avg       0.77      0.87      0.81     22544
weighted avg       0.87      0.86      0.86     22544

[[8578  296   85   79  673]
 [   0 2126  245   15   35]
 [1183   81 5754    5  435]
 [   0    2    1  172   25]
 [  16    7    9   74 2648]]
