190
20201021_142008
0.8551277501774308
              precision    recall  f1-score   support

           0       0.86      0.91      0.89      9711
           1       0.85      0.84      0.84      2421
           2       0.95      0.77      0.85      7458
           3       0.41      0.81      0.54       200
           4       0.72      0.89      0.79      2754

    accuracy                           0.86     22544
   macro avg       0.76      0.85      0.78     22544
weighted avg       0.87      0.86      0.86     22544

[[8861  253   92   85  420]
 [   9 2037  183   75  117]
 [1143  117 5775   13  410]
 [  12    0    0  162   26]
 [ 241    3    2   65 2443]]
