187
20201021_141954
0.8551721078779276
              precision    recall  f1-score   support

           0       0.86      0.91      0.89      9711
           1       0.85      0.84      0.84      2421
           2       0.95      0.77      0.86      7458
           3       0.42      0.81      0.55       200
           4       0.71      0.88      0.79      2754

    accuracy                           0.86     22544
   macro avg       0.76      0.84      0.79     22544
weighted avg       0.87      0.86      0.86     22544

[[8869  251   94   77  420]
 [  10 2033  183   78  117]
 [1143  112 5779    7  417]
 [  11    0    0  162   27]
 [ 248    3    2   65 2436]]
