68
20201021_110941
0.8551721078779276
              precision    recall  f1-score   support

           0       0.88      0.88      0.88      9711
           1       0.83      0.93      0.88      2421
           2       0.97      0.77      0.85      7458
           3       0.28      0.84      0.42       200
           4       0.71      0.94      0.81      2754

    accuracy                           0.86     22544
   macro avg       0.74      0.87      0.77     22544
weighted avg       0.88      0.86      0.86     22544

[[8578  305   86  150  592]
 [   1 2241  111   63    5]
 [1138  134 5712   73  401]
 [   1    0    0  169   30]
 [  22    5    5  143 2579]]
