85
20201021_195554
0.8551277501774308
              precision    recall  f1-score   support

           0       0.85      0.91      0.88      9711
           1       0.85      0.92      0.88      2421
           2       0.96      0.80      0.87      7458
           3       0.47      0.68      0.55       200
           4       0.68      0.77      0.72      2754

    accuracy                           0.86     22544
   macro avg       0.76      0.82      0.78     22544
weighted avg       0.87      0.86      0.86     22544

[[8820  241   60   78  512]
 [  12 2223  161   13   12]
 [ 957   94 5979    3  425]
 [   4   26    0  136   34]
 [ 523   23   27   61 2120]]
