66
20201021_210307
0.8551721078779276
              precision    recall  f1-score   support

           0       0.88      0.88      0.88      9711
           1       0.81      0.88      0.85      2421
           2       0.97      0.77      0.86      7458
           3       0.48      0.88      0.62       200
           4       0.69      0.96      0.80      2754

    accuracy                           0.86     22544
   macro avg       0.77      0.88      0.80     22544
weighted avg       0.87      0.86      0.86     22544

[[8594  337   55   63  662]
 [  38 2136  127   41   79]
 [1145  147 5722   22  422]
 [   4    0    0  176   20]
 [  18    8   11   66 2651]]
