191
20201021_142013
0.8552164655784245
              precision    recall  f1-score   support

           0       0.86      0.91      0.89      9711
           1       0.85      0.84      0.84      2421
           2       0.95      0.77      0.85      7458
           3       0.40      0.81      0.54       200
           4       0.72      0.89      0.79      2754

    accuracy                           0.86     22544
   macro avg       0.76      0.84      0.78     22544
weighted avg       0.87      0.86      0.86     22544

[[8860  253   92   85  421]
 [   9 2040  182   75  115]
 [1143  118 5775   13  409]
 [  13    0    0  161   26]
 [ 240    3    2   65 2444]]
