80
20201021_195500
0.8553495386799148
              precision    recall  f1-score   support

           0       0.85      0.91      0.88      9711
           1       0.85      0.92      0.88      2421
           2       0.96      0.80      0.87      7458
           3       0.45      0.64      0.53       200
           4       0.68      0.77      0.72      2754

    accuracy                           0.86     22544
   macro avg       0.76      0.81      0.78     22544
weighted avg       0.87      0.86      0.86     22544

[[8850  243   42   76  500]
 [  12 2218  166   13   12]
 [ 958   94 5978    3  425]
 [   4   34    0  128   34]
 [ 535   21   27   62 2109]]
