92
20201021_210825
0.8554826117814053
              precision    recall  f1-score   support

           0       0.88      0.90      0.89      9711
           1       0.77      0.90      0.83      2421
           2       0.97      0.75      0.85      7458
           3       0.46      0.84      0.59       200
           4       0.71      0.96      0.82      2754

    accuracy                           0.86     22544
   macro avg       0.76      0.87      0.80     22544
weighted avg       0.87      0.86      0.86     22544

[[8722  341    8   53  587]
 [   6 2180  162   32   41]
 [1143  306 5583   28  398]
 [   2    0    0  168   30]
 [  23   11    3   84 2633]]
