99
20201021_210944
0.8557487579843861
              precision    recall  f1-score   support

           0       0.88      0.90      0.89      9711
           1       0.77      0.90      0.83      2421
           2       0.97      0.75      0.84      7458
           3       0.46      0.84      0.59       200
           4       0.72      0.96      0.82      2754

    accuracy                           0.86     22544
   macro avg       0.76      0.87      0.79     22544
weighted avg       0.87      0.86      0.86     22544

[[8734  342    8   53  574]
 [   8 2180  161   32   40]
 [1143  313 5578   32  392]
 [   2    0    0  168   30]
 [  26   10    3   83 2632]]
