40
20201021_222421
0.8561036195883606
              precision    recall  f1-score   support

           0       0.88      0.89      0.88      9711
           1       0.82      0.90      0.86      2421
           2       0.97      0.77      0.86      7458
           3       0.35      0.85      0.49       200
           4       0.71      0.92      0.80      2754

    accuracy                           0.86     22544
   macro avg       0.74      0.87      0.78     22544
weighted avg       0.88      0.86      0.86     22544

[[8659  338   21  177  516]
 [   4 2183  165   30   39]
 [1113  118 5751   14  462]
 [   0    0    0  170   30]
 [  99   16    3   99 2537]]
