75
20201021_121953
0.8565471965933286
              precision    recall  f1-score   support

           0       0.86      0.91      0.89      9711
           1       0.82      0.89      0.85      2421
           2       0.97      0.77      0.86      7458
           3       0.41      0.88      0.56       200
           4       0.72      0.89      0.80      2754

    accuracy                           0.86     22544
   macro avg       0.76      0.86      0.79     22544
weighted avg       0.87      0.86      0.86     22544

[[8817  301   22  116  455]
 [   9 2143  166   70   33]
 [1145  151 5735    4  423]
 [   5    1    0  175   19]
 [ 238   10    1   65 2440]]
