39
20201021_205836
0.8565915542938254
              precision    recall  f1-score   support

           0       0.88      0.90      0.89      9711
           1       0.79      0.89      0.84      2421
           2       0.96      0.76      0.85      7458
           3       0.46      0.81      0.59       200
           4       0.71      0.95      0.81      2754

    accuracy                           0.86     22544
   macro avg       0.76      0.86      0.80     22544
weighted avg       0.87      0.86      0.86     22544

[[8707  330   13   55  606]
 [   0 2145  219   35   22]
 [1135  206 5669   12  436]
 [   2    1    0  163   34]
 [  14   23    4   86 2627]]
