83
20201021_143041
0.8566359119943222
              precision    recall  f1-score   support

           0       0.87      0.90      0.89      9711
           1       0.87      0.94      0.90      2421
           2       0.97      0.74      0.84      7458
           3       0.51      0.82      0.63       200
           4       0.68      0.94      0.79      2754

    accuracy                           0.86     22544
   macro avg       0.78      0.87      0.81     22544
weighted avg       0.88      0.86      0.86     22544

[[8786  265   88   71  501]
 [  17 2272   63   16   53]
 [1232   66 5491    8  661]
 [   0    0    0  164   36]
 [  72   17    5   61 2599]]
