48
20201021_121740
0.8566359119943222
              precision    recall  f1-score   support

           0       0.86      0.90      0.88      9711
           1       0.82      0.90      0.86      2421
           2       0.97      0.77      0.86      7458
           3       0.42      0.86      0.57       200
           4       0.72      0.89      0.80      2754

    accuracy                           0.86     22544
   macro avg       0.76      0.86      0.79     22544
weighted avg       0.87      0.86      0.86     22544

[[8784  320   20  103  484]
 [   7 2174  162   59   19]
 [1145  155 5726    4  428]
 [   3    1    0  172   24]
 [ 218   12    1   67 2456]]
