108
20201021_140129
0.8567246273953159
              precision    recall  f1-score   support

           0       0.90      0.87      0.88      9711
           1       0.80      0.87      0.83      2421
           2       0.90      0.82      0.86      7458
           3       0.22      0.93      0.35       200
           4       0.84      0.90      0.87      2754

    accuracy                           0.86     22544
   macro avg       0.73      0.88      0.76     22544
weighted avg       0.88      0.86      0.86     22544

[[8411  303  448  131  418]
 [  32 2096  224   37   32]
 [ 661  202 6152  423   20]
 [   1    0    0  186   13]
 [ 192    6    8   79 2469]]
