43
20201021_121709
0.8567246273953159
              precision    recall  f1-score   support

           0       0.87      0.90      0.88      9711
           1       0.82      0.90      0.86      2421
           2       0.97      0.77      0.86      7458
           3       0.42      0.86      0.57       200
           4       0.72      0.89      0.80      2754

    accuracy                           0.86     22544
   macro avg       0.76      0.87      0.79     22544
weighted avg       0.87      0.86      0.86     22544

[[8769  321   21  105  495]
 [   7 2179  158   58   19]
 [1145  150 5735    4  424]
 [   2    1    0  173   24]
 [ 214   12    2   68 2458]]
