73
20201021_135126
0.8568133427963094
              precision    recall  f1-score   support

           0       0.89      0.89      0.89      9711
           1       0.80      0.88      0.83      2421
           2       0.95      0.77      0.85      7458
           3       0.51      0.87      0.64       200
           4       0.70      0.96      0.81      2754

    accuracy                           0.86     22544
   macro avg       0.77      0.87      0.80     22544
weighted avg       0.87      0.86      0.86     22544

[[8677  292   19   62  661]
 [   3 2119  247   32   20]
 [1073  235 5708    3  439]
 [   4    0    0  174   22]
 [  25   10    9   72 2638]]
