33
20201021_093522
0.8568577004968062
              precision    recall  f1-score   support

           0       0.89      0.89      0.89      9711
           1       0.85      0.87      0.86      2421
           2       0.95      0.79      0.86      7458
           3       0.37      0.81      0.51       200
           4       0.68      0.92      0.79      2754

    accuracy                           0.86     22544
   macro avg       0.75      0.86      0.78     22544
weighted avg       0.87      0.86      0.86     22544

[[8638  263   93   75  642]
 [   1 2111  214   50   45]
 [1024   94 5862   21  457]
 [   2    3    2  161   32]
 [  50   23   11  125 2545]]
