19
20201021_133239
0.8568577004968062
              precision    recall  f1-score   support

           0       0.89      0.91      0.90      9711
           1       0.78      0.84      0.81      2421
           2       0.95      0.79      0.86      7458
           3       0.53      0.84      0.65       200
           4       0.70      0.89      0.78      2754

    accuracy                           0.86     22544
   macro avg       0.77      0.85      0.80     22544
weighted avg       0.87      0.86      0.86     22544

[[8791  296   20   84  520]
 [  10 2027  306   15   63]
 [ 858  255 5888    8  449]
 [   4    2    0  169   25]
 [ 232   31    8   41 2442]]
