82
20201021_114018
0.8569464158977999
              precision    recall  f1-score   support

           0       0.86      0.91      0.88      9711
           1       0.83      0.92      0.88      2421
           2       0.97      0.77      0.86      7458
           3       0.51      0.85      0.64       200
           4       0.71      0.85      0.78      2754

    accuracy                           0.86     22544
   macro avg       0.78      0.86      0.81     22544
weighted avg       0.87      0.86      0.86     22544

[[8837  305   54   68  447]
 [   7 2230  113   28   43]
 [1151  127 5731   12  437]
 [   4    0    0  170   26]
 [ 336    9    5   53 2351]]
