106
20201021_135407
0.8569907735982967
              precision    recall  f1-score   support

           0       0.88      0.90      0.89      9711
           1       0.81      0.88      0.84      2421
           2       0.95      0.77      0.85      7458
           3       0.45      0.87      0.60       200
           4       0.72      0.92      0.80      2754

    accuracy                           0.86     22544
   macro avg       0.76      0.87      0.80     22544
weighted avg       0.87      0.86      0.86     22544

[[8784  274   51   66  536]
 [   3 2121  255   29   13]
 [1079  220 5719   18  422]
 [   5    0    0  174   21]
 [ 120    8    8   96 2522]]
