79
20201021_143021
0.856902058197303
              precision    recall  f1-score   support

           0       0.87      0.90      0.89      9711
           1       0.87      0.94      0.90      2421
           2       0.97      0.74      0.84      7458
           3       0.51      0.82      0.63       200
           4       0.68      0.95      0.79      2754

    accuracy                           0.86     22544
   macro avg       0.78      0.87      0.81     22544
weighted avg       0.88      0.86      0.86     22544

[[8782  268   85   72  504]
 [  16 2279   62   17   47]
 [1232   66 5487    8  665]
 [   0    0    0  164   36]
 [  67   18    4   59 2606]]
