54
20201021_134245
0.8570794889992903
              precision    recall  f1-score   support

           0       0.86      0.89      0.87      9711
           1       0.81      0.90      0.85      2421
           2       0.96      0.79      0.87      7458
           3       0.29      0.85      0.43       200
           4       0.80      0.87      0.84      2754

    accuracy                           0.86     22544
   macro avg       0.74      0.86      0.77     22544
weighted avg       0.87      0.86      0.86     22544

[[8683  295   71  203  459]
 [   2 2175  159   35   50]
 [1262  189 5895   50   62]
 [   5    2    1  170   22]
 [ 189   30    3  133 2399]]
