168
20201021_200304
0.8570794889992903
              precision    recall  f1-score   support

           0       0.91      0.88      0.90      9711
           1       0.81      0.87      0.84      2421
           2       0.96      0.82      0.88      7458
           3       0.26      0.79      0.39       200
           4       0.67      0.86      0.75      2754

    accuracy                           0.86     22544
   macro avg       0.72      0.84      0.75     22544
weighted avg       0.88      0.86      0.86     22544

[[8561  322   64  295  469]
 [  13 2109  183   31   85]
 [ 672   80 6129   11  566]
 [   0   10    6  158   26]
 [ 150   97   27  115 2365]]
