48
20201021_222550
0.8572125621007807
              precision    recall  f1-score   support

           0       0.88      0.88      0.88      9711
           1       0.81      0.91      0.86      2421
           2       0.97      0.77      0.86      7458
           3       0.41      0.86      0.55       200
           4       0.69      0.96      0.80      2754

    accuracy                           0.86     22544
   macro avg       0.75      0.88      0.79     22544
weighted avg       0.88      0.86      0.86     22544

[[8554  350   45  162  600]
 [   0 2196  122   22   81]
 [1097  129 5761    3  468]
 [   0    0    0  172   28]
 [  21   23    3   65 2642]]
