107
20201021_195910
0.8574787083037615
              precision    recall  f1-score   support

           0       0.87      0.90      0.88      9711
           1       0.85      0.92      0.88      2421
           2       0.95      0.80      0.87      7458
           3       0.47      0.73      0.58       200
           4       0.69      0.80      0.74      2754

    accuracy                           0.86     22544
   macro avg       0.77      0.83      0.79     22544
weighted avg       0.87      0.86      0.86     22544

[[8777  245   71   81  537]
 [  10 2219  161   17   14]
 [ 949   98 5979    4  428]
 [   3   16    0  147   34]
 [ 388   26   69   62 2209]]
