6
20201021_105311
0.857611781405252
              precision    recall  f1-score   support

           0       0.85      0.91      0.88      9711
           1       0.75      0.93      0.83      2421
           2       0.96      0.81      0.88      7458
           3       0.43      0.26      0.32       200
           4       0.78      0.79      0.78      2754

    accuracy                           0.86     22544
   macro avg       0.75      0.74      0.74     22544
weighted avg       0.86      0.86      0.86     22544

[[8840  320   63   30  458]
 [   3 2244  155    5   14]
 [1034  294 6020    0  110]
 [   1  111    0   51   37]
 [ 511   25    6   33 2179]]
