46
20201021_093300
0.8577892122072391
              precision    recall  f1-score   support

           0       0.89      0.91      0.90      9711
           1       0.74      0.95      0.83      2421
           2       0.98      0.75      0.85      7458
           3       0.46      0.79      0.58       200
           4       0.72      0.89      0.80      2754

    accuracy                           0.86     22544
   macro avg       0.76      0.86      0.79     22544
weighted avg       0.88      0.86      0.86     22544

[[8821  290   40  100  460]
 [  19 2302   67   16   17]
 [ 890  508 5612    0  448]
 [   5   15    0  158   22]
 [ 229    5    2   73 2445]]
