150
20201021_200158
0.8578779276082328
              precision    recall  f1-score   support

           0       0.90      0.89      0.90      9711
           1       0.82      0.88      0.85      2421
           2       0.96      0.82      0.89      7458
           3       0.26      0.78      0.39       200
           4       0.67      0.84      0.75      2754

    accuracy                           0.86     22544
   macro avg       0.72      0.84      0.75     22544
weighted avg       0.88      0.86      0.86     22544

[[8615  308   58  270  460]
 [  13 2124  167   32   85]
 [ 672   84 6125   16  561]
 [   0   10    7  156   27]
 [ 237   53   21  123 2320]]
