78
20201021_111031
0.85805535841022
              precision    recall  f1-score   support

           0       0.88      0.89      0.89      9711
           1       0.84      0.93      0.88      2421
           2       0.96      0.77      0.85      7458
           3       0.34      0.84      0.48       200
           4       0.71      0.95      0.81      2754

    accuracy                           0.86     22544
   macro avg       0.75      0.87      0.78     22544
weighted avg       0.88      0.86      0.86     22544

[[8621  311   84  138  557]
 [   1 2242  126   47    5]
 [1119  123 5709   27  480]
 [   5    0    0  169   26]
 [  24    5    6  116 2603]]
