24
20201021_110313
0.8580110007097232
              precision    recall  f1-score   support

           0       0.89      0.89      0.89      9711
           1       0.84      0.93      0.88      2421
           2       0.97      0.76      0.85      7458
           3       0.42      0.78      0.55       200
           4       0.67      0.96      0.79      2754

    accuracy                           0.86     22544
   macro avg       0.76      0.86      0.79     22544
weighted avg       0.88      0.86      0.86     22544

[[8636  270   69  100  636]
 [   3 2260   87   47   24]
 [1075  121 5655   11  596]
 [   2    0    2  155   41]
 [  17   44    2   54 2637]]
