145
20201021_200139
0.85805535841022
              precision    recall  f1-score   support

           0       0.90      0.89      0.90      9711
           1       0.82      0.88      0.85      2421
           2       0.96      0.82      0.89      7458
           3       0.26      0.78      0.39       200
           4       0.67      0.84      0.74      2754

    accuracy                           0.86     22544
   macro avg       0.72      0.84      0.75     22544
weighted avg       0.88      0.86      0.86     22544

[[8622  306   56  265  462]
 [  13 2125  152   32   99]
 [ 672   84 6129   19  554]
 [   0   11    6  156   27]
 [ 248   51   21  122 2312]]
