82
20201021_101423
0.8581440738112136
              precision    recall  f1-score   support

           0       0.88      0.90      0.89      9711
           1       0.79      0.91      0.85      2421
           2       0.97      0.75      0.85      7458
           3       0.53      0.86      0.66       200
           4       0.70      0.96      0.81      2754

    accuracy                           0.86     22544
   macro avg       0.78      0.88      0.81     22544
weighted avg       0.88      0.86      0.86     22544

[[8713  298   25   77  598]
 [   9 2205  155   10   42]
 [1142  268 5601    3  444]
 [   1    0    0  172   27]
 [  30    8    1   60 2655]]
