49
20201021_222601
0.8581884315117104
              precision    recall  f1-score   support

           0       0.88      0.88      0.88      9711
           1       0.82      0.91      0.86      2421
           2       0.97      0.77      0.86      7458
           3       0.41      0.85      0.55       200
           4       0.69      0.95      0.80      2754

    accuracy                           0.86     22544
   macro avg       0.76      0.87      0.79     22544
weighted avg       0.88      0.86      0.86     22544

[[8591  320   47  160  593]
 [   0 2194  120   23   84]
 [1101  123 5764    3  467]
 [   0    0    0  171   29]
 [  32   28    3   64 2627]]
