89
20201021_223328
0.8580997161107168
              precision    recall  f1-score   support

           0       0.88      0.89      0.89      9711
           1       0.81      0.90      0.85      2421
           2       0.96      0.77      0.85      7458
           3       0.44      0.82      0.58       200
           4       0.72      0.94      0.81      2754

    accuracy                           0.86     22544
   macro avg       0.76      0.87      0.80     22544
weighted avg       0.87      0.86      0.86     22544

[[8676  325   43  123  544]
 [   0 2175  198   19   29]
 [1134  158 5745    2  419]
 [   0    0    0  165   35]
 [  84   20    3   63 2584]]
