107
20201021_134030
0.8582327892122072
              precision    recall  f1-score   support

           0       0.88      0.93      0.90      9711
           1       0.72      0.88      0.79      2421
           2       0.96      0.74      0.84      7458
           3       0.57      0.81      0.67       200
           4       0.75      0.91      0.82      2754

    accuracy                           0.86     22544
   macro avg       0.78      0.86      0.81     22544
weighted avg       0.87      0.86      0.86     22544

[[9006  302   10   66  327]
 [  15 2126  201   16   63]
 [ 979  516 5543    3  417]
 [  19    0    0  163   18]
 [ 179   24    2   39 2510]]
