24
20201021_090316
0.8583215046132009
              precision    recall  f1-score   support

           0       0.90      0.85      0.88      9711
           1       0.71      0.92      0.80      2421
           2       0.97      0.82      0.89      7458
           3       0.45      0.83      0.58       200
           4       0.72      0.95      0.82      2754

    accuracy                           0.86     22544
   macro avg       0.75      0.87      0.79     22544
weighted avg       0.88      0.86      0.86     22544

[[8255  786   56   74  540]
 [  11 2217  127   36   30]
 [ 827   88 6106   22  415]
 [   0    0    0  166   34]
 [  45   26    5   72 2606]]
