88
20201021_093622
0.8584102200141944
              precision    recall  f1-score   support

           0       0.91      0.90      0.90      9711
           1       0.71      0.94      0.81      2421
           2       0.98      0.75      0.85      7458
           3       0.44      0.80      0.57       200
           4       0.72      0.96      0.82      2754

    accuracy                           0.86     22544
   macro avg       0.75      0.87      0.79     22544
weighted avg       0.88      0.86      0.86     22544

[[8706  282   66  111  546]
 [  22 2283   73   28   15]
 [ 822  631 5564    2  439]
 [   3   16    0  159   22]
 [  47    4    2   61 2640]]
