86
20201021_101442
0.8584102200141944
              precision    recall  f1-score   support

           0       0.88      0.90      0.89      9711
           1       0.79      0.91      0.85      2421
           2       0.97      0.75      0.85      7458
           3       0.54      0.87      0.66       200
           4       0.71      0.96      0.82      2754

    accuracy                           0.86     22544
   macro avg       0.78      0.88      0.81     22544
weighted avg       0.88      0.86      0.86     22544

[[8711  300   28   79  593]
 [   8 2206  157   12   38]
 [1142  264 5608    1  443]
 [   1    0    0  174   25]
 [  33    8    1   59 2653]]
