35
20201021_134823
0.8585876508161817
              precision    recall  f1-score   support

           0       0.89      0.89      0.89      9711
           1       0.83      0.88      0.85      2421
           2       0.96      0.77      0.86      7458
           3       0.44      0.86      0.58       200
           4       0.68      0.95      0.79      2754

    accuracy                           0.86     22544
   macro avg       0.76      0.87      0.79     22544
weighted avg       0.88      0.86      0.86     22544

[[8678  260   15   88  670]
 [   5 2120  233   39   24]
 [ 992  171 5762    5  528]
 [   6    0    0  172   22]
 [  24    9    7   90 2624]]
