30
20201021_205650
0.8586763662171752
              precision    recall  f1-score   support

           0       0.87      0.90      0.88      9711
           1       0.84      0.88      0.86      2421
           2       0.96      0.82      0.89      7458
           3       0.28      0.87      0.42       200
           4       0.74      0.79      0.76      2754

    accuracy                           0.86     22544
   macro avg       0.74      0.85      0.76     22544
weighted avg       0.88      0.86      0.86     22544

[[8767  255   42   91  556]
 [   9 2131  185   29   67]
 [ 829  137 6119  249  124]
 [   5    0    0  174   21]
 [ 493    8    4   82 2167]]
