100
20201021_133954
0.8586320085166785
              precision    recall  f1-score   support

           0       0.88      0.92      0.90      9711
           1       0.72      0.88      0.79      2421
           2       0.96      0.75      0.84      7458
           3       0.57      0.83      0.67       200
           4       0.75      0.91      0.82      2754

    accuracy                           0.86     22544
   macro avg       0.78      0.86      0.81     22544
weighted avg       0.87      0.86      0.86     22544

[[8974  301   11   68  357]
 [  18 2136  195   14   58]
 [ 971  497 5570    3  417]
 [  15    0    0  166   19]
 [ 172   28    2   41 2511]]
