51
20201021_113750
0.8587650816181689
              precision    recall  f1-score   support

           0       0.90      0.89      0.90      9711
           1       0.77      0.91      0.84      2421
           2       0.97      0.77      0.86      7458
           3       0.37      0.81      0.51       200
           4       0.70      0.94      0.80      2754

    accuracy                           0.86     22544
   macro avg       0.74      0.86      0.78     22544
weighted avg       0.88      0.86      0.86     22544

[[8662  270   53   77  649]
 [   6 2202  122   74   17]
 [ 946  355 5737    6  414]
 [   2    2    0  162   34]
 [  15   19    6  117 2597]]
