83
20201021_093558
0.8587650816181689
              precision    recall  f1-score   support

           0       0.91      0.90      0.90      9711
           1       0.70      0.94      0.80      2421
           2       0.98      0.75      0.85      7458
           3       0.45      0.80      0.58       200
           4       0.72      0.96      0.82      2754

    accuracy                           0.86     22544
   macro avg       0.75      0.87      0.79     22544
weighted avg       0.88      0.86      0.86     22544

[[8708  283   66  109  545]
 [  23 2287   74   23   14]
 [ 763  687 5566    2  440]
 [   3   16    0  159   22]
 [  48    5    2   59 2640]]
