38
20201021_212726
0.8588094393186657
              precision    recall  f1-score   support

           0       0.88      0.89      0.88      9711
           1       0.85      0.88      0.87      2421
           2       0.95      0.77      0.85      7458
           3       0.52      0.85      0.65       200
           4       0.70      0.96      0.81      2754

    accuracy                           0.86     22544
   macro avg       0.78      0.87      0.81     22544
weighted avg       0.87      0.86      0.86     22544

[[8638  276   87   74  636]
 [   2 2139  235    6   39]
 [1182   85 5763    4  424]
 [   0    2    1  171   26]
 [  15   12    5   72 2650]]
