34
20201021_134818
0.8588537970191625
              precision    recall  f1-score   support

           0       0.89      0.89      0.89      9711
           1       0.83      0.88      0.86      2421
           2       0.96      0.77      0.86      7458
           3       0.43      0.86      0.58       200
           4       0.68      0.95      0.79      2754

    accuracy                           0.86     22544
   macro avg       0.76      0.87      0.79     22544
weighted avg       0.88      0.86      0.86     22544

[[8677  259   15   89  671]
 [   5 2136  217   39   24]
 [ 987  168 5754    5  544]
 [   6    0    0  172   22]
 [  24    9    7   91 2623]]
