68
20201021_093446
0.8588981547196594
              precision    recall  f1-score   support

           0       0.91      0.90      0.90      9711
           1       0.71      0.95      0.81      2421
           2       0.98      0.75      0.85      7458
           3       0.45      0.79      0.57       200
           4       0.72      0.94      0.82      2754

    accuracy                           0.86     22544
   macro avg       0.75      0.86      0.79     22544
weighted avg       0.88      0.86      0.86     22544

[[8752  290   49  108  512]
 [  20 2289   72   21   19]
 [ 794  639 5582    1  442]
 [   4   15    0  158   23]
 [ 100    5    2   65 2582]]
