40
20201021_133441
0.8589868701206529
              precision    recall  f1-score   support

           0       0.90      0.90      0.90      9711
           1       0.75      0.84      0.79      2421
           2       0.95      0.78      0.86      7458
           3       0.55      0.83      0.66       200
           4       0.70      0.95      0.81      2754

    accuracy                           0.86     22544
   macro avg       0.77      0.86      0.80     22544
weighted avg       0.87      0.86      0.86     22544

[[8744  263    7   73  624]
 [  21 2032  302   24   42]
 [ 842  383 5810    5  418]
 [  13    0    0  167   20]
 [  58   41    7   36 2612]]
