51
20201021_135652
0.8589868701206529
              precision    recall  f1-score   support

           0       0.92      0.85      0.88      9711
           1       0.83      0.92      0.88      2421
           2       0.91      0.83      0.87      7458
           3       0.18      0.89      0.30       200
           4       0.81      0.91      0.86      2754

    accuracy                           0.86     22544
   macro avg       0.73      0.88      0.76     22544
weighted avg       0.89      0.86      0.87     22544

[[8229  301  502  186  493]
 [  14 2239  109   25   34]
 [ 658  143 6219  418   20]
 [   0    0    0  178   22]
 [  38    8   12  196 2500]]
