96
20201021_135317
0.8590312278211497
              precision    recall  f1-score   support

           0       0.88      0.90      0.89      9711
           1       0.81      0.87      0.84      2421
           2       0.95      0.78      0.85      7458
           3       0.46      0.87      0.61       200
           4       0.72      0.92      0.81      2754

    accuracy                           0.86     22544
   macro avg       0.76      0.87      0.80     22544
weighted avg       0.87      0.86      0.86     22544

[[8761  296   47   67  540]
 [   3 2111  261   28   18]
 [1044  194 5782   12  426]
 [   5    0    0  174   21]
 [ 104   10    8   94 2538]]
