30
20201021_134759
0.8590312278211497
              precision    recall  f1-score   support

           0       0.90      0.89      0.90      9711
           1       0.84      0.89      0.86      2421
           2       0.96      0.77      0.86      7458
           3       0.42      0.86      0.56       200
           4       0.66      0.95      0.78      2754

    accuracy                           0.86     22544
   macro avg       0.76      0.87      0.79     22544
weighted avg       0.88      0.86      0.86     22544

[[8690  259   13   93  656]
 [   3 2145  208   39   26]
 [ 939  152 5743    6  618]
 [   6    0    0  172   22]
 [  23    8    7  100 2616]]
