35
20201021_093531
0.8590312278211497
              precision    recall  f1-score   support

           0       0.89      0.89      0.89      9711
           1       0.85      0.87      0.86      2421
           2       0.95      0.79      0.86      7458
           3       0.38      0.81      0.51       200
           4       0.70      0.93      0.80      2754

    accuracy                           0.86     22544
   macro avg       0.75      0.86      0.78     22544
weighted avg       0.88      0.86      0.86     22544

[[8661  260   97   76  617]
 [   1 2117  215   42   46]
 [1065   90 5873   23  407]
 [   2    3    2  161   32]
 [  41   24   11  124 2554]]
