60
20201021_135024
0.8591643009226402
              precision    recall  f1-score   support

           0       0.90      0.89      0.89      9711
           1       0.80      0.87      0.84      2421
           2       0.96      0.78      0.86      7458
           3       0.48      0.86      0.61       200
           4       0.69      0.96      0.80      2754

    accuracy                           0.86     22544
   macro avg       0.76      0.87      0.80     22544
weighted avg       0.88      0.86      0.86     22544

[[8655  284   20   71  681]
 [   5 2113  243   37   23]
 [ 986  227 5788    4  453]
 [   4    0    0  173   23]
 [  16   10    9   79 2640]]
