106
20201021_141317
0.8593417317246274
              precision    recall  f1-score   support

           0       0.86      0.91      0.89      9711
           1       0.86      0.85      0.86      2421
           2       0.95      0.78      0.86      7458
           3       0.52      0.84      0.64       200
           4       0.71      0.89      0.79      2754

    accuracy                           0.86     22544
   macro avg       0.78      0.86      0.81     22544
weighted avg       0.87      0.86      0.86     22544

[[8860  260   79   61  451]
 [   8 2068  234   34   77]
 [1143   70 5821    4  420]
 [   1    0    0  168   31]
 [ 237    2    3   56 2456]]
