37
20201021_121045
0.8595635202271115
              precision    recall  f1-score   support

           0       0.90      0.89      0.89      9711
           1       0.80      0.89      0.84      2421
           2       0.97      0.78      0.86      7458
           3       0.32      0.80      0.46       200
           4       0.70      0.97      0.81      2754

    accuracy                           0.86     22544
   macro avg       0.74      0.86      0.77     22544
weighted avg       0.88      0.86      0.86     22544

[[8608  299   68   90  646]
 [   6 2154   99  125   37]
 [ 975  207 5798   71  407]
 [   0    0    0  160   40]
 [  11   24    4   57 2658]]
