130
20201021_141514
0.8596078779276083
              precision    recall  f1-score   support

           0       0.86      0.91      0.89      9711
           1       0.87      0.85      0.86      2421
           2       0.96      0.78      0.86      7458
           3       0.48      0.84      0.61       200
           4       0.71      0.89      0.79      2754

    accuracy                           0.86     22544
   macro avg       0.77      0.86      0.80     22544
weighted avg       0.87      0.86      0.86     22544

[[8871  250   92   59  439]
 [  15 2061  171   66  108]
 [1143   66 5824    5  420]
 [   2    0    0  168   30]
 [ 239    2    4   54 2455]]
