127
20201021_141459
0.8596965933286018
              precision    recall  f1-score   support

           0       0.86      0.91      0.89      9711
           1       0.87      0.85      0.86      2421
           2       0.96      0.78      0.86      7458
           3       0.49      0.84      0.62       200
           4       0.71      0.89      0.79      2754

    accuracy                           0.86     22544
   macro avg       0.78      0.86      0.80     22544
weighted avg       0.87      0.86      0.86     22544

[[8866  250   92   60  443]
 [  14 2067  173   58  109]
 [1143   66 5823    6  420]
 [   2    0    0  168   30]
 [ 238    2    4   53 2457]]
