59
20201021_135019
0.8597409510290986
              precision    recall  f1-score   support

           0       0.90      0.89      0.89      9711
           1       0.80      0.87      0.84      2421
           2       0.96      0.78      0.86      7458
           3       0.47      0.86      0.61       200
           4       0.69      0.96      0.80      2754

    accuracy                           0.86     22544
   macro avg       0.76      0.87      0.80     22544
weighted avg       0.88      0.86      0.86     22544

[[8654  278   19   71  689]
 [   6 2112  241   38   24]
 [ 969  227 5802    4  456]
 [   4    0    0  173   23]
 [  14   10    9   80 2641]]
