65
20201021_112822
0.8597853087295955
              precision    recall  f1-score   support

           0       0.87      0.91      0.89      9711
           1       0.84      0.93      0.88      2421
           2       0.97      0.75      0.85      7458
           3       0.39      0.83      0.54       200
           4       0.71      0.91      0.80      2754

    accuracy                           0.86     22544
   macro avg       0.76      0.87      0.79     22544
weighted avg       0.88      0.86      0.86     22544

[[8864  244   73   42  488]
 [  11 2242   78   35   55]
 [1093  195 5605  129  436]
 [   3    0    0  167   30]
 [ 192    3    4   50 2505]]
