Epoch: 49
20201105_095747
Accuracy: 0.8121894960965224
Classification Report:
              precision    recall  f1-score   support

           0       0.86      0.82      0.84      9711
           1       0.89      0.74      0.81      7458
           2       0.68      0.95      0.79      2754
           3       0.73      0.86      0.79      2421
           4       0.35      0.92      0.51       200

    accuracy                           0.81     22544
   macro avg       0.70      0.86      0.75     22544
weighted avg       0.83      0.81      0.82     22544

Confusion Matrix:
[[7920  485  922  325   59]
 [1134 5518  244  387  175]
 [   8    6 2608   41   91]
 [ 102  188   39 2081   11]
 [   0    0   17    0  183]]
