Epoch: 199
20201115_170219
Accuracy: 0.8630677785663591
Classification Report:
              precision    recall  f1-score   support

           0       0.92      0.90      0.91      9711
           1       0.68      0.83      0.75      2421
           2       0.93      0.92      0.93      7458
           3       0.10      0.25      0.14       200
           4       0.83      0.65      0.73      2754

    accuracy                           0.86     22544
   macro avg       0.69      0.71      0.69     22544
weighted avg       0.88      0.86      0.87     22544

Confusion Matrix:
[[8722  657  189   35  108]
 [  18 2017  221  146   19]
 [ 190  170 6885    0  213]
 [  10  111    4   50   25]
 [ 558    9  122  282 1783]]
