Epoch: 26
20201116_101036
Accuracy: 0.8722941802696949
Classification Report:
              precision    recall  f1-score   support

           0       0.94      0.89      0.92      9711
           1       0.74      0.84      0.78      2421
           2       0.90      0.93      0.91      7458
           3       0.09      0.31      0.15       200
           4       0.92      0.70      0.79      2754

    accuracy                           0.87     22544
   macro avg       0.72      0.73      0.71     22544
weighted avg       0.89      0.87      0.88     22544

Confusion Matrix:
[[8691  396  449   59  116]
 [   1 2023  292   66   39]
 [ 238  199 6963   57    1]
 [   6  110    2   62   20]
 [ 345    6   67  410 1926]]
