Epoch: 36
20201116_101407
Accuracy: 0.8744233498935415
Classification Report:
              precision    recall  f1-score   support

           0       0.89      0.90      0.90      9711
           1       0.75      0.88      0.81      2421
           2       0.96      0.89      0.93      7458
           3       0.09      0.28      0.14       200
           4       0.89      0.76      0.82      2754

    accuracy                           0.87     22544
   macro avg       0.72      0.74      0.72     22544
weighted avg       0.89      0.87      0.88     22544

Confusion Matrix:
[[8783  424   84  294  126]
 [   4 2130  160  110   17]
 [ 466  188 6662   58   84]
 [  15  111    0   55   19]
 [ 577    5   10   79 2083]]
