Epoch: 199
20201118_192222
Accuracy: 0.8429737402413059
Classification Report:
              precision    recall  f1-score   support

           0       0.89      0.90      0.89      9711
           1       0.77      0.82      0.80      2421
           2       0.89      0.87      0.88      7458
           3       0.10      0.31      0.15       200
           4       0.79      0.62      0.69      2754

    accuracy                           0.84     22544
   macro avg       0.69      0.70      0.68     22544
weighted avg       0.86      0.84      0.85     22544

Confusion Matrix:
[[8734  244  582   62   89]
 [ 180 1990  159   71   21]
 [ 342  231 6515   45  325]
 [   9  110    1   62   18]
 [ 550   10   89  402 1703]]
