Epoch: 199
20201113_142839
Accuracy: 0.8624467707594038
Classification Report:
              precision    recall  f1-score   support

           0       0.89      0.93      0.91      9711
           1       0.80      0.87      0.83      2421
           2       0.94      0.87      0.91      7458
           3       0.17      0.51      0.26       200
           4       0.74      0.61      0.67      2754

    accuracy                           0.86     22544
   macro avg       0.71      0.76      0.72     22544
weighted avg       0.87      0.86      0.87     22544

Confusion Matrix:
[[9040  377  124   27  143]
 [  36 2105  258   11   11]
 [ 430   72 6508   22  426]
 [   6   69    1  102   22]
 [ 607    7   19  433 1688]]
