Epoch: 40
20201105_100943
Accuracy: 0.8607168204400284
Classification Report:
              precision    recall  f1-score   support

           0       0.92      0.84      0.88      9711
           1       0.92      0.86      0.89      7458
           2       0.76      0.92      0.83      2754
           3       0.73      0.89      0.81      2421
           4       0.41      0.80      0.54       200

    accuracy                           0.86     22544
   macro avg       0.75      0.86      0.79     22544
weighted avg       0.87      0.86      0.86     22544

Confusion Matrix:
[[8138  512  641  348   72]
 [ 613 6424   16  400    5]
 [ 111   23 2523   28   69]
 [  12   49  119 2159   82]
 [   3    2   30    5  160]]
