Epoch: 36
20201105_100831
Accuracy: 0.8625354861603974
Classification Report:
              precision    recall  f1-score   support

           0       0.92      0.84      0.88      9711
           1       0.92      0.86      0.89      7458
           2       0.76      0.92      0.83      2754
           3       0.73      0.89      0.81      2421
           4       0.41      0.80      0.54       200

    accuracy                           0.86     22544
   macro avg       0.75      0.86      0.79     22544
weighted avg       0.87      0.86      0.87     22544

Confusion Matrix:
[[8166  490  634  346   75]
 [ 606 6435   10  402    5]
 [ 111   24 2522   29   68]
 [  11   49  117 2162   82]
 [   2    3   29    6  160]]
