Epoch: 41
20201105_102545
Accuracy: 0.8644428672817601
Classification Report:
              precision    recall  f1-score   support

           0       0.92      0.86      0.89      9711
           1       0.96      0.82      0.88      7458
           2       0.71      0.95      0.81      2754
           3       0.78      0.94      0.86      2421
           4       0.33      0.82      0.47       200

    accuracy                           0.86     22544
   macro avg       0.74      0.88      0.78     22544
weighted avg       0.89      0.86      0.87     22544

Confusion Matrix:
[[8322  168  706  443   72]
 [ 748 6087  326  183  114]
 [  15    2 2629   12   96]
 [   0   52   31 2285   53]
 [   9    0   26    0  165]]
