Epoch: 30
20201105_100639
Accuracy: 0.8675035486160397
Classification Report:
              precision    recall  f1-score   support

           0       0.92      0.84      0.88      9711
           1       0.92      0.88      0.90      7458
           2       0.77      0.91      0.83      2754
           3       0.75      0.89      0.81      2421
           4       0.42      0.83      0.56       200

    accuracy                           0.87     22544
   macro avg       0.76      0.87      0.80     22544
weighted avg       0.88      0.87      0.87     22544

Confusion Matrix:
[[8194  459  620  370   68]
 [ 601 6527    6  318    6]
 [ 118   20 2510   37   69]
 [   6   53  119 2159   84]
 [   2    3   22    6  167]]
