Epoch: 37
20201105_102442
Accuracy: 0.8696770759403832
Classification Report:
              precision    recall  f1-score   support

           0       0.93      0.89      0.91      9711
           1       0.90      0.85      0.88      7458
           2       0.81      0.85      0.83      2754
           3       0.73      0.87      0.79      2421
           4       0.43      0.88      0.58       200

    accuracy                           0.87     22544
   macro avg       0.76      0.87      0.80     22544
weighted avg       0.88      0.87      0.87     22544

Confusion Matrix:
[[8627  355  377  263   89]
 [ 617 6370  129  341    1]
 [  51  108 2334  174   87]
 [   3  225   40 2099   54]
 [   7    5    9    3  176]]
