Epoch: 52
20201113_231916
Accuracy: 0.8713626685592619
Classification Report:
              precision    recall  f1-score   support

           0       0.92      0.93      0.92      9711
           1       0.83      0.82      0.83      2421
           2       0.93      0.92      0.92      7458
           3       0.15      0.74      0.25       200
           4       0.82      0.59      0.69      2754

    accuracy                           0.87     22544
   macro avg       0.73      0.80      0.72     22544
weighted avg       0.89      0.87      0.88     22544

Confusion Matrix:
[[9031  213  140   59  268]
 [  12 1984  180  161   84]
 [ 300   59 6844  254    1]
 [  27   16    3  148    6]
 [ 471  109  186  351 1637]]
