Epoch: 150
20201113_121531
Accuracy: 0.8716731724627396
Classification Report:
              precision    recall  f1-score   support

           0       0.87      0.90      0.89      9711
           1       0.69      0.77      0.73      2421
           2       0.94      0.92      0.93      7458
           3       0.38      0.75      0.51       200
           4       0.94      0.72      0.82      2754

    accuracy                           0.87     22544
   macro avg       0.77      0.81      0.77     22544
weighted avg       0.88      0.87      0.87     22544

Confusion Matrix:
[[8756  743  102   37   73]
 [ 175 1868  282   55   41]
 [ 446   62 6885   55   10]
 [  13   24    3  150   10]
 [ 630   24   14   94 1992]]
