Epoch: 57
20201113_232058
Accuracy: 0.8728708303761533
Classification Report:
              precision    recall  f1-score   support

           0       0.91      0.91      0.91      9711
           1       0.83      0.79      0.81      2421
           2       0.87      0.94      0.90      7458
           3       0.31      0.81      0.44       200
           4       0.94      0.64      0.76      2754

    accuracy                           0.87     22544
   macro avg       0.77      0.82      0.77     22544
weighted avg       0.88      0.87      0.87     22544

Confusion Matrix:
[[8819  212  425  199   56]
 [   4 1912  397   52   56]
 [ 250  177 7013   18    0]
 [  28    1    4  162    5]
 [ 627    7  250   98 1772]]
