Epoch: 156
20201113_153334
Accuracy: 0.8733144073811213
Classification Report:
              precision    recall  f1-score   support

           0       0.93      0.89      0.91      9711
           1       0.67      0.74      0.70      2421
           2       0.95      0.92      0.93      7458
           3       0.22      0.91      0.35       200
           4       0.88      0.81      0.84      2754

    accuracy                           0.87     22544
   macro avg       0.73      0.85      0.75     22544
weighted avg       0.90      0.87      0.88     22544

Confusion Matrix:
[[8638  691   93   97  192]
 [  72 1801  244  198  106]
 [ 302  205 6845  106    0]
 [   9    2    0  181    8]
 [ 276    8    6  241 2223]]
