Epoch: 139
20201113_153201
Accuracy: 0.8733587650816181
Classification Report:
              precision    recall  f1-score   support

           0       0.93      0.89      0.91      9711
           1       0.66      0.74      0.70      2421
           2       0.95      0.92      0.93      7458
           3       0.23      0.91      0.36       200
           4       0.87      0.82      0.84      2754

    accuracy                           0.87     22544
   macro avg       0.73      0.86      0.75     22544
weighted avg       0.90      0.87      0.88     22544

Confusion Matrix:
[[8626  702   81   85  217]
 [  50 1796  275  191  109]
 [ 301  211 6826  119    1]
 [   9    1    0  182    8]
 [ 252   10    6  227 2259]]
