Epoch: 91
20201113_233041
Accuracy: 0.8764638041163946
Classification Report:
              precision    recall  f1-score   support

           0       0.91      0.91      0.91      9711
           1       0.84      0.79      0.81      2421
           2       0.86      0.94      0.90      7458
           3       0.42      0.82      0.55       200
           4       0.93      0.69      0.79      2754

    accuracy                           0.88     22544
   macro avg       0.79      0.83      0.79     22544
weighted avg       0.88      0.88      0.88     22544

Confusion Matrix:
[[8817  199  604   33   58]
 [   5 1905  369   71   71]
 [ 267  152 6980   58    1]
 [  30    0    0  165    5]
 [ 621    6  166   69 1892]]
