Epoch: 75
20201113_232607
Accuracy: 0.8787260468417317
Classification Report:
              precision    recall  f1-score   support

           0       0.91      0.91      0.91      9711
           1       0.84      0.79      0.81      2421
           2       0.87      0.94      0.91      7458
           3       0.34      0.82      0.48       200
           4       0.92      0.69      0.79      2754

    accuracy                           0.88     22544
   macro avg       0.78      0.83      0.78     22544
weighted avg       0.89      0.88      0.88     22544

Confusion Matrix:
[[8809  200  509  117   76]
 [   5 1904  373   64   75]
 [ 223  148 7027   57    3]
 [  30    0    0  165    5]
 [ 612    7  149   81 1905]]
