82
20201019_181402
0.8401792051100071
              precision    recall  f1-score   support

           0       0.84      0.91      0.87      9711
           1       0.80      0.88      0.84      2421
           2       0.95      0.75      0.84      7458
           3       0.46      0.83      0.59       200
           4       0.71      0.78      0.74      2754

    accuracy                           0.84     22544
   macro avg       0.75      0.83      0.78     22544
weighted avg       0.85      0.84      0.84     22544

[[8868  283   82   65  413]
 [   4 2125  199   14   79]
 [1160  251 5624   56  367]
 [   2    2    0  166   30]
 [ 526    5    2   63 2158]]
