16
20201019_185913
0.8401348474095103
              precision    recall  f1-score   support

           0       0.90      0.86      0.88      9711
           1       0.72      0.87      0.79      2421
           2       0.89      0.80      0.84      7458
           3       0.71      0.74      0.73       200
           4       0.70      0.88      0.78      2754

    accuracy                           0.84     22544
   macro avg       0.78      0.83      0.80     22544
weighted avg       0.85      0.84      0.84     22544

[[8317  410  468   27  489]
 [  41 2100  269    1   10]
 [ 660  337 5940    0  521]
 [   2   16    0  149   33]
 [ 233   48    6   33 2434]]
