14
20201019_144417
0.8402235628105039
              precision    recall  f1-score   support

           0       0.90      0.88      0.89      9711
           1       0.71      0.89      0.79      2421
           2       0.96      0.81      0.88      7458
           3       0.35      0.19      0.25       200
           4       0.60      0.79      0.69      2754

    accuracy                           0.84     22544
   macro avg       0.70      0.71      0.70     22544
weighted avg       0.86      0.84      0.84     22544

[[8522  295  112   34  748]
 [  27 2144  150    1   99]
 [ 710  148 6062    0  538]
 [  14  112    0   38   36]
 [ 227  307    9   35 2176]]
