36
20201019_184230
0.8402235628105039
              precision    recall  f1-score   support

           0       0.90      0.85      0.87      9711
           1       0.76      0.85      0.81      2421
           2       0.89      0.78      0.83      7458
           3       0.55      0.84      0.66       200
           4       0.70      0.97      0.81      2754

    accuracy                           0.84     22544
   macro avg       0.76      0.86      0.80     22544
weighted avg       0.85      0.84      0.84     22544

[[8211  292  498   77  633]
 [   7 2063  256   17   78]
 [ 873  330 5840    2  413]
 [   6    1    0  169   24]
 [  37   11    2   45 2659]]
