11
20201019_194914
0.8403566359119943
              precision    recall  f1-score   support

           0       0.87      0.89      0.88      9711
           1       0.83      0.82      0.83      2421
           2       0.96      0.77      0.85      7458
           3       0.24      0.82      0.37       200
           4       0.69      0.90      0.78      2754

    accuracy                           0.84     22544
   macro avg       0.72      0.84      0.74     22544
weighted avg       0.87      0.84      0.85     22544

[[8597  256   79  196  583]
 [  28 1979  177  193   44]
 [1129  128 5724    9  468]
 [   3    0    0  164   33]
 [ 126   12    3  132 2481]]
