57
20201019_204830
0.8403122782114976
              precision    recall  f1-score   support

           0       0.84      0.92      0.88      9711
           1       0.78      0.89      0.83      2421
           2       0.96      0.75      0.84      7458
           3       0.42      0.86      0.57       200
           4       0.71      0.77      0.74      2754

    accuracy                           0.84     22544
   macro avg       0.74      0.84      0.77     22544
weighted avg       0.86      0.84      0.84     22544

[[8920  326   15   53  397]
 [  15 2158  198   31   19]
 [1098  275 5561   87  437]
 [   1    0    0  172   27]
 [ 542   13    1   65 2133]]
