41
20201019_184307
0.8404897090134847
              precision    recall  f1-score   support

           0       0.89      0.84      0.87      9711
           1       0.80      0.85      0.82      2421
           2       0.88      0.79      0.83      7458
           3       0.51      0.85      0.64       200
           4       0.70      0.96      0.81      2754

    accuracy                           0.84     22544
   macro avg       0.76      0.86      0.79     22544
weighted avg       0.85      0.84      0.84     22544

[[8205  292  503   79  632]
 [   7 2051  264   20   79]
 [ 943  217 5865   14  419]
 [   3    0    0  170   27]
 [  37   10    2   48 2657]]
