18
20201019_184402
0.8407114975159687
              precision    recall  f1-score   support

           0       0.88      0.86      0.87      9711
           1       0.65      0.95      0.77      2421
           2       0.98      0.75      0.85      7458
           3       0.36      0.38      0.37       200
           4       0.74      0.97      0.84      2754

    accuracy                           0.84     22544
   macro avg       0.72      0.78      0.74     22544
weighted avg       0.87      0.84      0.84     22544

[[8326  588    8   79  710]
 [   1 2302   85    6   27]
 [1143  530 5587    2  196]
 [   5   93    0   76   26]
 [  22   14    8   48 2662]]
