67
20201019_181213
0.8408445706174592
              precision    recall  f1-score   support

           0       0.84      0.91      0.87      9711
           1       0.80      0.88      0.84      2421
           2       0.96      0.76      0.85      7458
           3       0.51      0.84      0.64       200
           4       0.70      0.78      0.74      2754

    accuracy                           0.84     22544
   macro avg       0.76      0.83      0.79     22544
weighted avg       0.85      0.84      0.84     22544

[[8825  310   66   66  444]
 [   3 2130  194   19   75]
 [1161  206 5682   17  392]
 [   1    2    0  168   29]
 [ 534    9    1   59 2151]]
