45
20201019_202030
0.8408445706174592
              precision    recall  f1-score   support

           0       0.88      0.84      0.86      9711
           1       0.86      0.92      0.89      2421
           2       0.88      0.77      0.82      7458
           3       0.44      0.87      0.59       200
           4       0.70      0.96      0.81      2754

    accuracy                           0.84     22544
   macro avg       0.75      0.87      0.79     22544
weighted avg       0.85      0.84      0.84     22544

[[8167  242  578  110  614]
 [   0 2230  162   11   18]
 [1132  124 5754    1  447]
 [   0    0    0  174   26]
 [  10    7    9   97 2631]]
