71
0.84111071682044
              precision    recall  f1-score   support

           0       0.88      0.87      0.87      9711
           1       0.73      0.81      0.76      2421
           2       0.96      0.84      0.89      7458
           3       0.33      0.73      0.45       200
           4       0.66      0.79      0.72      2754

    accuracy                           0.84     22544
   macro avg       0.71      0.81      0.74     22544
weighted avg       0.86      0.84      0.85     22544

[[8460  689   96   31  435]
 [  74 1954  165   47  181]
 [ 559   24 6235  178  462]
 [   9   11    1  147   32]
 [ 526   14    1   47 2166]]
