20
20201019_144538
0.8414212207239177
              precision    recall  f1-score   support

           0       0.89      0.89      0.89      9711
           1       0.71      0.89      0.79      2421
           2       0.95      0.80      0.87      7458
           3       0.34      0.18      0.23       200
           4       0.63      0.79      0.70      2754

    accuracy                           0.84     22544
   macro avg       0.70      0.71      0.70     22544
weighted avg       0.85      0.84      0.84     22544

[[8614  277  114   31  675]
 [  29 2148  197    3   44]
 [ 765  176 6002    0  515]
 [  19  112    0   36   33]
 [ 243  302    3   37 2169]]
