32
20201019_204142
0.8414655784244145
              precision    recall  f1-score   support

           0       0.90      0.84      0.87      9711
           1       0.81      0.86      0.83      2421
           2       0.90      0.79      0.84      7458
           3       0.31      0.86      0.46       200
           4       0.70      0.96      0.81      2754

    accuracy                           0.84     22544
   macro avg       0.72      0.86      0.76     22544
weighted avg       0.86      0.84      0.85     22544

[[8171  304  463  113  660]
 [   7 2082  221   62   49]
 [ 841  191 5889  134  403]
 [   0    0    0  173   27]
 [  21    4    1   73 2655]]
