76
20201019_152504
0.8415986515259049
              precision    recall  f1-score   support

           0       0.87      0.86      0.87      9711
           1       0.87      0.85      0.86      2421
           2       0.90      0.78      0.83      7458
           3       0.46      0.88      0.61       200
           4       0.69      0.92      0.79      2754

    accuracy                           0.84     22544
   macro avg       0.76      0.86      0.79     22544
weighted avg       0.85      0.84      0.84     22544

[[8398  250  487   79  497]
 [   1 2055  180   26  159]
 [1146   52 5810    7  443]
 [   3    7    0  176   14]
 [ 120    5    4   91 2534]]
