82
20201019_155302
0.8415986515259049
              precision    recall  f1-score   support

           0       0.87      0.86      0.87      9711
           1       0.72      0.83      0.77      2421
           2       0.91      0.80      0.85      7458
           3       0.70      0.77      0.73       200
           4       0.72      0.90      0.80      2754

    accuracy                           0.84     22544
   macro avg       0.79      0.83      0.81     22544
weighted avg       0.85      0.84      0.84     22544

[[8368  563  291   31  458]
 [ 110 2000  275    0   36]
 [ 921  150 5967    1  419]
 [   0   16    0  153   31]
 [ 192   32   12   33 2485]]
