63
20201019_202246
0.8415986515259049
              precision    recall  f1-score   support

           0       0.86      0.86      0.86      9711
           1       0.86      0.92      0.89      2421
           2       0.89      0.77      0.82      7458
           3       0.49      0.87      0.63       200
           4       0.72      0.91      0.80      2754

    accuracy                           0.84     22544
   macro avg       0.76      0.86      0.80     22544
weighted avg       0.85      0.84      0.84     22544

[[8329  258  551  102  471]
 [   2 2219  175   10   15]
 [1140   87 5748    1  482]
 [   1    0    0  174   25]
 [ 173    5    8   65 2503]]
