31
20201019_180744
0.8416430092264017
              precision    recall  f1-score   support

           0       0.84      0.91      0.87      9711
           1       0.80      0.87      0.83      2421
           2       0.95      0.76      0.85      7458
           3       0.52      0.82      0.64       200
           4       0.70      0.78      0.74      2754

    accuracy                           0.84     22544
   macro avg       0.76      0.83      0.79     22544
weighted avg       0.85      0.84      0.84     22544

[[8868  317   10   73  443]
 [   4 2102  279   23   13]
 [1166  185 5693    0  414]
 [   2    5    0  165   28]
 [ 529   22    3   54 2146]]
