77
0.8417760823278921
              precision    recall  f1-score   support

           0       0.84      0.95      0.89      9711
           1       0.85      0.74      0.79      2421
           2       0.95      0.77      0.85      7458
           3       0.20      0.46      0.28       200
           4       0.73      0.78      0.75      2754

    accuracy                           0.84     22544
   macro avg       0.71      0.74      0.71     22544
weighted avg       0.86      0.84      0.84     22544

[[9183  209   77   34  208]
 [ 174 1795  214   90  148]
 [1069   35 5760  178  416]
 [   5   68    2   91   34]
 [ 536   10    0   60 2148]]
