13
20201019_164902
0.8418647977288858
              precision    recall  f1-score   support

           0       0.92      0.84      0.88      9711
           1       0.84      0.87      0.85      2421
           2       0.90      0.80      0.85      7458
           3       0.19      0.79      0.31       200
           4       0.69      0.93      0.79      2754

    accuracy                           0.84     22544
   macro avg       0.71      0.85      0.74     22544
weighted avg       0.87      0.84      0.85     22544

[[8160  246  507  149  649]
 [   1 2107  137  160   16]
 [ 643  138 5983  220  474]
 [   0   14    0  157   29]
 [  20   13    9  140 2572]]
