78
0.8418647977288858
              precision    recall  f1-score   support

           0       0.87      0.82      0.85      9711
           1       0.79      0.91      0.84      2421
           2       0.87      0.81      0.84      7458
           3       0.45      0.83      0.59       200
           4       0.78      0.95      0.86      2754

    accuracy                           0.84     22544
   macro avg       0.75      0.86      0.79     22544
weighted avg       0.85      0.84      0.84     22544

[[7976  284  650  126  675]
 [   0 2196  215    7    3]
 [1125  265 6026    1   41]
 [   0   13    1  166   20]
 [  18   33   21   67 2615]]
