11
20201019_202538
0.841820440028389
              precision    recall  f1-score   support

           0       0.88      0.89      0.88      9711
           1       0.80      0.87      0.83      2421
           2       0.96      0.73      0.83      7458
           3       0.43      0.82      0.57       200
           4       0.65      0.97      0.78      2754

    accuracy                           0.84     22544
   macro avg       0.74      0.85      0.78     22544
weighted avg       0.87      0.84      0.84     22544

[[8600  324   51   93  643]
 [   0 2099  192   17  113]
 [1144  189 5445   46  634]
 [   5    1    0  164   30]
 [  10   14    2   58 2670]]
