45
20201019_175650
0.8419535131298793
              precision    recall  f1-score   support

           0       0.92      0.84      0.88      9711
           1       0.75      0.91      0.82      2421
           2       0.89      0.78      0.83      7458
           3       0.61      0.84      0.71       200
           4       0.66      0.96      0.79      2754

    accuracy                           0.84     22544
   macro avg       0.77      0.87      0.81     22544
weighted avg       0.86      0.84      0.84     22544

[[8165  302  509   35  700]
 [  15 2211  177    8   10]
 [ 664  403 5791    2  598]
 [   0    0    0  169   31]
 [  19   24    3   63 2645]]
