75
20201019_145818
0.8419091554293825
              precision    recall  f1-score   support

           0       0.88      0.83      0.85      9711
           1       0.82      0.84      0.83      2421
           2       0.88      0.82      0.85      7458
           3       0.30      0.92      0.45       200
           4       0.78      0.92      0.85      2754

    accuracy                           0.84     22544
   macro avg       0.73      0.87      0.77     22544
weighted avg       0.85      0.84      0.85     22544

[[8062  323  555  192  579]
 [   0 2044  256    8  113]
 [1136  113 6144   60    5]
 [   0    0    2  184   14]
 [  14   17    9  168 2546]]
