33
20201019_163505
0.8421753016323634
              precision    recall  f1-score   support

           0       0.88      0.86      0.87      9711
           1       0.85      0.89      0.87      2421
           2       0.91      0.75      0.82      7458
           3       0.52      0.75      0.61       200
           4       0.68      0.97      0.80      2754

    accuracy                           0.84     22544
   macro avg       0.76      0.85      0.79     22544
weighted avg       0.86      0.84      0.84     22544

[[8392  277  399   38  605]
 [   5 2156  184   31   45]
 [1123   83 5613   35  604]
 [   6   15    0  150   29]
 [  34    5    3   37 2675]]
