87
20201019_191856
0.8421309439318666
              precision    recall  f1-score   support

           0       0.84      0.87      0.85      9711
           1       0.83      0.92      0.87      2421
           2       0.91      0.78      0.84      7458
           3       0.44      0.83      0.58       200
           4       0.78      0.85      0.82      2754

    accuracy                           0.84     22544
   macro avg       0.76      0.85      0.79     22544
weighted avg       0.85      0.84      0.84     22544

[[8430  299  489   72  421]
 [  25 2217  111   40   28]
 [1294  146 5818    6  194]
 [  13    0    0  166   21]
 [ 296    8    3   93 2354]]
