24
20201019_160814
0.842264017033357
              precision    recall  f1-score   support

           0       0.79      0.95      0.86      9711
           1       0.82      0.86      0.84      2421
           2       0.96      0.82      0.89      7458
           3       0.58      0.78      0.67       200
           4       0.84      0.51      0.63      2754

    accuracy                           0.84     22544
   macro avg       0.80      0.78      0.78     22544
weighted avg       0.85      0.84      0.84     22544

[[9214  230  121   29  117]
 [  31 2073  153   38  126]
 [1088  212 6150    3    5]
 [  34    0    0  155   11]
 [1295   15    8   40 1396]]
