33
20201019_143549
0.8423083747338538
              precision    recall  f1-score   support

           0       0.87      0.90      0.88      9711
           1       0.74      0.90      0.81      2421
           2       0.96      0.72      0.82      7458
           3       0.43      0.84      0.57       200
           4       0.72      0.94      0.82      2754

    accuracy                           0.84     22544
   macro avg       0.74      0.86      0.78     22544
weighted avg       0.86      0.84      0.84     22544

[[8712  289   84   48  578]
 [  87 2183  122   11   18]
 [1141  479 5344  120  374]
 [   4    0    0  168   28]
 [ 104    9   13   46 2582]]
