79
0.8423527324343506
              precision    recall  f1-score   support

           0       0.83      0.95      0.89      9711
           1       0.85      0.74      0.79      2421
           2       0.95      0.77      0.85      7458
           3       0.20      0.46      0.28       200
           4       0.75      0.77      0.76      2754

    accuracy                           0.84     22544
   macro avg       0.72      0.74      0.71     22544
weighted avg       0.86      0.84      0.84     22544

[[9248  210   76   34  143]
 [ 180 1794  216   96  135]
 [1082   37 5749  178  412]
 [  12   68    2   91   27]
 [ 577   11    0   58 2108]]
