17
20201019_193633
0.8423527324343506
              precision    recall  f1-score   support

           0       0.88      0.87      0.87      9711
           1       0.83      0.91      0.87      2421
           2       0.96      0.76      0.85      7458
           3       0.32      0.88      0.47       200
           4       0.66      0.91      0.77      2754

    accuracy                           0.84     22544
   macro avg       0.73      0.87      0.76     22544
weighted avg       0.87      0.84      0.85     22544

[[8402  277   71  156  805]
 [   1 2211  161   18   30]
 [1143  158 5683   26  448]
 [   2    0    0  175   23]
 [  45    7    7  176 2519]]
