12
20201019_200255
0.8423970901348474
              precision    recall  f1-score   support

           0       0.88      0.89      0.89      9711
           1       0.78      0.86      0.82      2421
           2       0.94      0.74      0.83      7458
           3       0.24      0.85      0.38       200
           4       0.74      0.93      0.82      2754

    accuracy                           0.84     22544
   macro avg       0.72      0.85      0.75     22544
weighted avg       0.87      0.84      0.85     22544

[[8665  309   75   87  575]
 [  14 2086  284   25   12]
 [1144  261 5514  261  278]
 [   0    1    0  170   29]
 [  11   23    4  160 2556]]
