17
20201019_174014
0.8425745209368346
              precision    recall  f1-score   support

           0       0.82      0.94      0.88      9711
           1       0.85      0.88      0.87      2421
           2       0.95      0.74      0.83      7458
           3       0.50      0.81      0.61       200
           4       0.74      0.73      0.74      2754

    accuracy                           0.84     22544
   macro avg       0.77      0.82      0.79     22544
weighted avg       0.85      0.84      0.84     22544

[[9157  289   68   75  122]
 [  52 2141  199   11   18]
 [1320   78 5523    1  536]
 [  23    0    0  162   15]
 [ 657    7    0   78 2012]]
