43
20201019_161441
0.8426188786373314
              precision    recall  f1-score   support

           0       0.86      0.87      0.86      9711
           1       0.70      0.93      0.80      2421
           2       0.90      0.80      0.85      7458
           3       0.67      0.87      0.76       200
           4       0.83      0.78      0.80      2754

    accuracy                           0.84     22544
   macro avg       0.79      0.85      0.82     22544
weighted avg       0.85      0.84      0.84     22544

[[8445  335  499   36  396]
 [   5 2262  138   11    5]
 [1156  316 5961    6   19]
 [   0    0    0  174   26]
 [ 235  329    5   31 2154]]
