35
20201019_204553
0.8426188786373314
              precision    recall  f1-score   support

           0       0.83      0.92      0.88      9711
           1       0.80      0.88      0.84      2421
           2       0.96      0.76      0.85      7458
           3       0.54      0.83      0.66       200
           4       0.71      0.76      0.73      2754

    accuracy                           0.84     22544
   macro avg       0.77      0.83      0.79     22544
weighted avg       0.85      0.84      0.84     22544

[[8930  340   16   56  369]
 [  18 2137  229   24   13]
 [1136  196 5682    5  439]
 [   3    0    0  167   30]
 [ 611    8    0   55 2080]]
