103
20201019_193734
0.8427963094393187
              precision    recall  f1-score   support

           0       0.87      0.87      0.87      9711
           1       0.69      0.84      0.76      2421
           2       0.95      0.77      0.85      7458
           3       0.44      0.89      0.59       200
           4       0.75      0.94      0.83      2754

    accuracy                           0.84     22544
   macro avg       0.74      0.86      0.78     22544
weighted avg       0.86      0.84      0.85     22544

[[8472  721   76   76  366]
 [  33 2037  205   14  132]
 [1131  201 5737   47  342]
 [   4    0    0  178   18]
 [  73   12    2   91 2576]]
