72
0.8428406671398154
              precision    recall  f1-score   support

           0       0.84      0.95      0.89      9711
           1       0.85      0.74      0.79      2421
           2       0.95      0.78      0.85      7458
           3       0.20      0.47      0.28       200
           4       0.74      0.77      0.75      2754

    accuracy                           0.84     22544
   macro avg       0.71      0.74      0.71     22544
weighted avg       0.86      0.84      0.84     22544

[[9220  212   77   36  166]
 [ 179 1796  216   85  145]
 [1042   35 5783  179  419]
 [  12   67    2   93   26]
 [ 566   11    0   68 2109]]
