4
20201019_202445
0.8428850248403122
              precision    recall  f1-score   support

           0       0.88      0.89      0.88      9711
           1       0.80      0.84      0.82      2421
           2       0.94      0.74      0.83      7458
           3       0.47      0.73      0.57       200
           4       0.67      0.97      0.79      2754

    accuracy                           0.84     22544
   macro avg       0.75      0.84      0.78     22544
weighted avg       0.86      0.84      0.84     22544

[[8600  284   25   72  730]
 [   2 2044  293   12   70]
 [1151  227 5545   21  514]
 [   2    1   21  147   29]
 [  11   13    1   63 2666]]
