58
20201019_181105
0.8430624556422995
              precision    recall  f1-score   support

           0       0.84      0.91      0.87      9711
           1       0.80      0.89      0.84      2421
           2       0.96      0.76      0.85      7458
           3       0.54      0.84      0.66       200
           4       0.70      0.78      0.74      2754

    accuracy                           0.84     22544
   macro avg       0.77      0.84      0.79     22544
weighted avg       0.86      0.84      0.84     22544

[[8830  322   63   66  430]
 [   3 2149  178   21   70]
 [1161  189 5705    1  402]
 [   0    2    0  168   30]
 [ 532   10    2   56 2154]]
