58
20201019_152245
0.8431068133427964
              precision    recall  f1-score   support

           0       0.87      0.88      0.87      9711
           1       0.86      0.82      0.84      2421
           2       0.91      0.78      0.84      7458
           3       0.47      0.83      0.60       200
           4       0.69      0.92      0.79      2754

    accuracy                           0.84     22544
   macro avg       0.76      0.85      0.79     22544
weighted avg       0.86      0.84      0.84     22544

[[8503  250  387   77  494]
 [   2 1991  200   25  203]
 [1147   49 5812    3  447]
 [   3   14    0  166   17]
 [ 126    6    6   81 2535]]
