50
20201019_161535
0.8431955287437899
              precision    recall  f1-score   support

           0       0.86      0.87      0.87      9711
           1       0.71      0.93      0.81      2421
           2       0.90      0.80      0.85      7458
           3       0.60      0.89      0.71       200
           4       0.83      0.78      0.81      2754

    accuracy                           0.84     22544
   macro avg       0.78      0.85      0.81     22544
weighted avg       0.85      0.84      0.84     22544

[[8481  308  497   23  402]
 [   4 2261  141   11    4]
 [1157  299 5934   57   11]
 [   0    0    0  177   23]
 [ 247  317    6   28 2156]]
