19
20201019_200350
0.8435947480482612
              precision    recall  f1-score   support

           0       0.88      0.86      0.87      9711
           1       0.83      0.89      0.86      2421
           2       0.92      0.77      0.84      7458
           3       0.40      0.83      0.54       200
           4       0.70      0.94      0.80      2754

    accuracy                           0.84     22544
   macro avg       0.74      0.86      0.78     22544
weighted avg       0.86      0.84      0.85     22544

[[8346  311  317   85  652]
 [   3 2165  210   25   18]
 [1150  111 5745   14  438]
 [  11    0    0  166   23]
 [  15    9    5  129 2596]]
