70
20201019_194819
0.8435503903477644
              precision    recall  f1-score   support

           0       0.87      0.87      0.87      9711
           1       0.81      0.86      0.83      2421
           2       0.90      0.79      0.84      7458
           3       0.40      0.89      0.55       200
           4       0.74      0.86      0.80      2754

    accuracy                           0.84     22544
   macro avg       0.74      0.85      0.78     22544
weighted avg       0.85      0.84      0.85     22544

[[8477  303  461  113  357]
 [  26 2073  194   85   43]
 [ 939  168 5913    9  429]
 [  11    1    0  178   10]
 [ 306   12    3   57 2376]]
