73
20201019_190640
0.8435503903477644
              precision    recall  f1-score   support

           0       0.90      0.86      0.88      9711
           1       0.68      0.88      0.77      2421
           2       0.89      0.81      0.85      7458
           3       0.42      0.20      0.28       200
           4       0.76      0.88      0.81      2754

    accuracy                           0.84     22544
   macro avg       0.73      0.73      0.72     22544
weighted avg       0.85      0.84      0.84     22544

[[8377  377  478   30  449]
 [  39 2137  234    0   11]
 [ 662  460 6027    0  309]
 [  30  110    0   41   19]
 [ 236   50    7   26 2435]]
