22
20201019_181911
0.8435060326472675
              precision    recall  f1-score   support

           0       0.86      0.89      0.87      9711
           1       0.84      0.90      0.87      2421
           2       0.95      0.76      0.84      7458
           3       0.46      0.81      0.59       200
           4       0.67      0.85      0.75      2754

    accuracy                           0.84     22544
   macro avg       0.76      0.84      0.79     22544
weighted avg       0.86      0.84      0.85     22544

[[8678  298   99   66  570]
 [   5 2178  203   19   16]
 [1157   93 5644    8  556]
 [   1    1    0  163   35]
 [ 289   10    5   97 2353]]
