7
20201019_180746
0.8435503903477644
              precision    recall  f1-score   support

           0       0.88      0.88      0.88      9711
           1       0.79      0.80      0.80      2421
           2       0.94      0.76      0.84      7458
           3       0.24      0.83      0.37       200
           4       0.73      0.96      0.83      2754

    accuracy                           0.84     22544
   macro avg       0.72      0.85      0.74     22544
weighted avg       0.87      0.84      0.85     22544

[[8592  265   56  162  636]
 [   0 1935  290  176   20]
 [1145  214 5680  127  292]
 [   0    0    0  166   34]
 [  20   30    3   57 2644]]
