43
20201019_150739
0.8436834634492548
              precision    recall  f1-score   support

           0       0.92      0.87      0.89      9711
           1       0.73      0.91      0.81      2421
           2       0.94      0.75      0.84      7458
           3       0.32      0.82      0.46       200
           4       0.67      0.94      0.78      2754

    accuracy                           0.84     22544
   macro avg       0.72      0.86      0.76     22544
weighted avg       0.87      0.84      0.85     22544

[[8458  281  188  104  680]
 [   1 2197  158   19   46]
 [ 725  527 5614   77  515]
 [   2   16    0  165   17]
 [   8    5    5  150 2586]]
