7
20201019_150254
0.8437278211497516
              precision    recall  f1-score   support

           0       0.91      0.86      0.88      9711
           1       0.79      0.91      0.84      2421
           2       0.97      0.77      0.86      7458
           3       0.28      0.81      0.41       200
           4       0.63      0.94      0.76      2754

    accuracy                           0.84     22544
   macro avg       0.72      0.86      0.75     22544
weighted avg       0.88      0.84      0.85     22544

[[8330  306   22  132  921]
 [   2 2199  167   31   22]
 [ 807  267 5750   99  535]
 [   0   16    0  162   22]
 [   4    9    2  159 2580]]
