265
0.8439496096522356
              precision    recall  f1-score   support

           0       0.87      0.83      0.85      9711
           1       0.83      0.84      0.83      2421
           2       0.85      0.83      0.84      7458
           3       0.43      0.78      0.55       200
           4       0.79      0.95      0.86      2754

    accuracy                           0.84     22544
   macro avg       0.76      0.84      0.79     22544
weighted avg       0.85      0.84      0.84     22544

[[8065  256  612  134  644]
 [   0 2031  375   11    4]
 [1135  144 6170    0    9]
 [   3   13    6  156   22]
 [  18   10   57   65 2604]]
