12
20201019_163623
0.844082682753726
              precision    recall  f1-score   support

           0       0.87      0.91      0.89      9711
           1       0.83      0.88      0.85      2421
           2       0.95      0.77      0.85      7458
           3       0.41      0.80      0.54       200
           4       0.65      0.78      0.70      2754

    accuracy                           0.84     22544
   macro avg       0.74      0.83      0.77     22544
weighted avg       0.86      0.84      0.85     22544

[[8838  299   60  107  407]
 [   4 2133  256   16   12]
 [ 856  113 5764    1  724]
 [   0   16    0  159   25]
 [ 494   16    1  108 2135]]
