18
20201019_165819
0.8440383250532293
              precision    recall  f1-score   support

           0       0.91      0.84      0.87      9711
           1       0.79      0.89      0.84      2421
           2       0.89      0.83      0.86      7458
           3       0.23      0.88      0.36       200
           4       0.76      0.86      0.81      2754

    accuracy                           0.84     22544
   macro avg       0.71      0.86      0.75     22544
weighted avg       0.87      0.84      0.85     22544

[[8155  267  558  178  553]
 [   2 2153  207   23   36]
 [ 780  300 6171   55  152]
 [   1    1    0  176   22]
 [  23   10    7  341 2373]]
