27
20201019_163811
0.8442601135557133
              precision    recall  f1-score   support

           0       0.87      0.91      0.89      9711
           1       0.82      0.88      0.85      2421
           2       0.95      0.77      0.85      7458
           3       0.41      0.81      0.54       200
           4       0.63      0.76      0.69      2754

    accuracy                           0.84     22544
   macro avg       0.74      0.83      0.77     22544
weighted avg       0.86      0.84      0.85     22544

[[8855  332   33  100  391]
 [   9 2134  251   12   15]
 [ 755   98 5779    2  824]
 [   1   16    0  162   21]
 [ 511   18    2  120 2103]]
