67
0.8442601135557133
              precision    recall  f1-score   support

           0       0.85      0.91      0.88      9711
           1       0.70      0.86      0.78      2421
           2       0.97      0.84      0.90      7458
           3       0.12      0.29      0.17       200
           4       0.81      0.66      0.73      2754

    accuracy                           0.84     22544
   macro avg       0.69      0.71      0.69     22544
weighted avg       0.86      0.84      0.85     22544

[[8843  685   61   58   64]
 [  38 2087  150  146    0]
 [ 659   69 6233  155  342]
 [  18  111    1   59   11]
 [ 860   11    0   72 1811]]
