40
20201019_175612
0.8444375443577005
              precision    recall  f1-score   support

           0       0.92      0.84      0.88      9711
           1       0.76      0.93      0.83      2421
           2       0.90      0.78      0.84      7458
           3       0.59      0.84      0.69       200
           4       0.67      0.96      0.79      2754

    accuracy                           0.84     22544
   macro avg       0.77      0.87      0.81     22544
weighted avg       0.86      0.84      0.85     22544

[[8149  308  506   37  711]
 [  12 2244  149    7    9]
 [ 661  395 5835    6  561]
 [   1    0    0  169   30]
 [  18   25    3   68 2640]]
