30
0.8445706174591909
              precision    recall  f1-score   support

           0       0.88      0.90      0.89      9711
           1       0.69      0.85      0.76      2421
           2       0.96      0.84      0.90      7458
           3       0.07      0.29      0.12       200
           4       0.83      0.70      0.76      2754

    accuracy                           0.84     22544
   macro avg       0.69      0.72      0.69     22544
weighted avg       0.87      0.84      0.86     22544

[[8745  713   75   81   97]
 [  29 2061  166  164    1]
 [ 556   86 6240  293  283]
 [  20  111    1   58   10]
 [ 603    8    0  207 1936]]
