59
20201019_194203
0.8446593328601846
              precision    recall  f1-score   support

           0       0.87      0.88      0.88      9711
           1       0.82      0.89      0.85      2421
           2       0.93      0.76      0.84      7458
           3       0.36      0.91      0.52       200
           4       0.71      0.89      0.79      2754

    accuracy                           0.84     22544
   macro avg       0.74      0.87      0.77     22544
weighted avg       0.86      0.84      0.85     22544

[[8575  266  237  112  521]
 [   6 2147  158   67   43]
 [1139  202 5674   20  423]
 [   3    0    0  182   15]
 [ 160    2    4  124 2464]]
