21
20201019_200406
0.8447480482611781
              precision    recall  f1-score   support

           0       0.88      0.89      0.89      9711
           1       0.77      0.87      0.82      2421
           2       0.94      0.74      0.83      7458
           3       0.31      0.85      0.45       200
           4       0.72      0.95      0.82      2754

    accuracy                           0.84     22544
   macro avg       0.73      0.86      0.76     22544
weighted avg       0.87      0.84      0.85     22544

[[8648  326   63   82  592]
 [  16 2108  263   21   13]
 [1143  266 5510  169  370]
 [   0    0    0  170   30]
 [  11   21    3  111 2608]]
