14
20201019_180838
0.8447924059616749
              precision    recall  f1-score   support

           0       0.88      0.87      0.88      9711
           1       0.79      0.86      0.82      2421
           2       0.93      0.76      0.84      7458
           3       0.27      0.83      0.41       200
           4       0.74      0.96      0.84      2754

    accuracy                           0.84     22544
   macro avg       0.72      0.86      0.76     22544
weighted avg       0.87      0.84      0.85     22544

[[8464  280  216  152  599]
 [   0 2073  196  127   25]
 [1141  232 5684  126  275]
 [   0    0    0  167   33]
 [  15   27    3   52 2657]]
