69
20201019_155121
0.8448811213626686
              precision    recall  f1-score   support

           0       0.88      0.86      0.87      9711
           1       0.73      0.83      0.78      2421
           2       0.91      0.81      0.86      7458
           3       0.70      0.77      0.74       200
           4       0.73      0.90      0.80      2754

    accuracy                           0.84     22544
   macro avg       0.79      0.84      0.81     22544
weighted avg       0.85      0.84      0.85     22544

[[8362  553  305   32  459]
 [  86 2020  284    1   30]
 [ 871  139 6026    1  421]
 [   1   16    0  154   29]
 [ 192   34   12   31 2485]]
