24
20201019_174107
0.8449698367636622
              precision    recall  f1-score   support

           0       0.82      0.94      0.88      9711
           1       0.84      0.89      0.87      2421
           2       0.96      0.74      0.84      7458
           3       0.53      0.83      0.65       200
           4       0.74      0.75      0.74      2754

    accuracy                           0.84     22544
   macro avg       0.78      0.83      0.79     22544
weighted avg       0.86      0.84      0.84     22544

[[9133  304   53   67  154]
 [  36 2165  187   10   23]
 [1287  100 5528    1  542]
 [  19    0    0  166   15]
 [ 619    9    0   69 2057]]
