58
20201019_190437
0.8451029098651526
              precision    recall  f1-score   support

           0       0.90      0.86      0.88      9711
           1       0.70      0.88      0.78      2421
           2       0.89      0.81      0.85      7458
           3       0.70      0.65      0.67       200
           4       0.75      0.88      0.81      2754

    accuracy                           0.85     22544
   macro avg       0.79      0.81      0.80     22544
weighted avg       0.85      0.85      0.85     22544

[[8357  381  481   30  462]
 [  28 2127  254    0   12]
 [ 663  452 6006    0  337]
 [  20   33    0  129   18]
 [ 237   53    7   24 2433]]
