223
0.845235982966643
              precision    recall  f1-score   support

           0       0.87      0.83      0.85      9711
           1       0.82      0.85      0.84      2421
           2       0.86      0.82      0.84      7458
           3       0.43      0.80      0.55       200
           4       0.79      0.96      0.87      2754

    accuracy                           0.85     22544
   macro avg       0.75      0.85      0.79     22544
weighted avg       0.85      0.85      0.85     22544

[[8050  264  601  137  659]
 [   0 2069  341    9    2]
 [1136  171 6143    0    8]
 [   0   13    5  159   23]
 [  18   16   18   68 2634]]
