13
20201019_202119
0.8453690560681334
              precision    recall  f1-score   support

           0       0.84      0.91      0.88      9711
           1       0.81      0.90      0.86      2421
           2       0.96      0.76      0.85      7458
           3       0.47      0.83      0.60       200
           4       0.71      0.78      0.74      2754

    accuracy                           0.85     22544
   macro avg       0.76      0.84      0.79     22544
weighted avg       0.86      0.85      0.85     22544

[[8867  312   39   64  429]
 [   5 2183  200   22   11]
 [1156  176 5698   31  397]
 [   3    0    0  167   30]
 [ 521   10    9   71 2143]]
