35
20201019_202840
0.8455908445706175
              precision    recall  f1-score   support

           0       0.87      0.90      0.88      9711
           1       0.79      0.89      0.84      2421
           2       0.96      0.73      0.83      7458
           3       0.38      0.85      0.53       200
           4       0.70      0.92      0.79      2754

    accuracy                           0.85     22544
   macro avg       0.74      0.86      0.77     22544
weighted avg       0.87      0.85      0.85     22544

[[8730  333  100   76  472]
 [   0 2166  136   17  102]
 [1143  226 5471  119  499]
 [   2    0    0  170   28]
 [ 151    7    5   65 2526]]
