90
20201019_193551
0.8457239176721079
              precision    recall  f1-score   support

           0       0.87      0.87      0.87      9711
           1       0.70      0.86      0.77      2421
           2       0.95      0.77      0.85      7458
           3       0.45      0.88      0.60       200
           4       0.75      0.94      0.84      2754

    accuracy                           0.85     22544
   macro avg       0.75      0.86      0.79     22544
weighted avg       0.86      0.85      0.85     22544

[[8452  723   77   67  392]
 [  33 2079  218   11   80]
 [1133  152 5771   47  355]
 [   7    0    0  175   18]
 [  56   19    2   88 2589]]
