30
20201019_202802
0.8457682753726047
              precision    recall  f1-score   support

           0       0.87      0.90      0.88      9711
           1       0.82      0.89      0.85      2421
           2       0.96      0.74      0.83      7458
           3       0.37      0.84      0.51       200
           4       0.68      0.92      0.78      2754

    accuracy                           0.85     22544
   macro avg       0.74      0.86      0.77     22544
weighted avg       0.87      0.85      0.85     22544

[[8727  307   98   90  489]
 [   0 2145  135   16  125]
 [1143  152 5494  115  554]
 [   3    0    0  169   28]
 [ 139    6    4   73 2532]]
