23
20201019_180942
0.8458126330731015
              precision    recall  f1-score   support

           0       0.88      0.88      0.88      9711
           1       0.78      0.90      0.84      2421
           2       0.95      0.75      0.84      7458
           3       0.24      0.84      0.38       200
           4       0.75      0.97      0.84      2754

    accuracy                           0.85     22544
   macro avg       0.72      0.86      0.75     22544
weighted avg       0.87      0.85      0.85     22544

[[8507  303  170  149  582]
 [   0 2168  121  112   20]
 [1142  272 5562  208  274]
 [   0    1    0  168   31]
 [  16   19    3   53 2663]]
