36
20201019_174238
0.8460344215755855
              precision    recall  f1-score   support

           0       0.82      0.94      0.88      9711
           1       0.83      0.91      0.87      2421
           2       0.97      0.74      0.84      7458
           3       0.58      0.84      0.69       200
           4       0.74      0.75      0.75      2754

    accuracy                           0.85     22544
   macro avg       0.79      0.84      0.80     22544
weighted avg       0.86      0.85      0.85     22544

[[9105  321   57   62  166]
 [  52 2213  130    6   20]
 [1289  126 5518    1  524]
 [  15    0    0  169   16]
 [ 623   10    0   53 2068]]
