45
20201019_165256
0.8461231369765791
              precision    recall  f1-score   support

           0       0.91      0.85      0.88      9711
           1       0.84      0.91      0.87      2421
           2       0.90      0.81      0.85      7458
           3       0.39      0.86      0.53       200
           4       0.65      0.89      0.75      2754

    accuracy                           0.85     22544
   macro avg       0.74      0.86      0.78     22544
weighted avg       0.86      0.85      0.85     22544

[[8237  285  447  106  636]
 [   4 2192  182   18   25]
 [ 612  121 6010   77  638]
 [   0    1    0  173   26]
 [ 204    3    9   75 2463]]
