32
20201019_193830
0.8462562100780695
              precision    recall  f1-score   support

           0       0.87      0.88      0.88      9711
           1       0.83      0.88      0.86      2421
           2       0.95      0.77      0.85      7458
           3       0.33      0.88      0.48       200
           4       0.69      0.90      0.78      2754

    accuracy                           0.85     22544
   macro avg       0.73      0.86      0.77     22544
weighted avg       0.87      0.85      0.85     22544

[[8574  258   87  147  645]
 [   3 2134  216   23   45]
 [1143  169 5707   16  423]
 [   2    0    0  176   22]
 [  91    3    6  167 2487]]
