19
20201019_175332
0.84638928317956
              precision    recall  f1-score   support

           0       0.92      0.82      0.87      9711
           1       0.76      0.95      0.84      2421
           2       0.91      0.80      0.85      7458
           3       0.45      0.83      0.59       200
           4       0.68      0.95      0.79      2754

    accuracy                           0.85     22544
   macro avg       0.74      0.87      0.79     22544
weighted avg       0.87      0.85      0.85     22544

[[8006  353  497   55  800]
 [   6 2288  112    6    9]
 [ 693  341 6001   31  392]
 [   0    1    0  167   32]
 [   7   16    3  109 2619]]
