22
20201019_162453
0.8463449254790631
              precision    recall  f1-score   support

           0       0.85      0.85      0.85      9711
           1       0.80      0.95      0.87      2421
           2       0.90      0.80      0.85      7458
           3       0.46      0.83      0.59       200
           4       0.78      0.87      0.82      2754

    accuracy                           0.85     22544
   macro avg       0.76      0.86      0.80     22544
weighted avg       0.85      0.85      0.85     22544

[[8254  336  542   66  513]
 [   1 2294   86   12   28]
 [1149  179 5975   59   96]
 [   4    3    0  166   27]
 [ 250   47    7   59 2391]]
