10
20201019_162321
0.8465223562810504
              precision    recall  f1-score   support

           0       0.87      0.85      0.86      9711
           1       0.83      0.90      0.86      2421
           2       0.90      0.84      0.87      7458
           3       0.47      0.74      0.57       200
           4       0.70      0.80      0.75      2754

    accuracy                           0.85     22544
   macro avg       0.75      0.83      0.78     22544
weighted avg       0.85      0.85      0.85     22544

[[8296  312  530   60  513]
 [   1 2178  123    6  113]
 [ 766   90 6259   54  289]
 [   5   17    0  148   30]
 [ 461   29   14   47 2203]]
