192
0.8465667139815471
              precision    recall  f1-score   support

           0       0.87      0.83      0.85      9711
           1       0.82      0.86      0.84      2421
           2       0.86      0.83      0.84      7458
           3       0.45      0.79      0.58       200
           4       0.80      0.94      0.86      2754

    accuracy                           0.85     22544
   macro avg       0.76      0.85      0.80     22544
weighted avg       0.85      0.85      0.85     22544

[[8077  273  605  113  643]
 [   0 2094  320    6    1]
 [1137  142 6176    0    3]
 [   0   14   10  158   18]
 [  18   27   58   71 2580]]
