13
20201019_180830
0.8468772178850248
              precision    recall  f1-score   support

           0       0.88      0.88      0.88      9711
           1       0.79      0.85      0.82      2421
           2       0.94      0.76      0.84      7458
           3       0.27      0.83      0.40       200
           4       0.74      0.96      0.84      2754

    accuracy                           0.85     22544
   macro avg       0.72      0.86      0.76     22544
weighted avg       0.87      0.85      0.85     22544

[[8539  275  143  153  601]
 [   0 2048  220  127   26]
 [1142  229 5683  126  278]
 [   0    0    0  167   33]
 [  14   28    3   54 2655]]
