34
20201019_175526
0.8469215755855216
              precision    recall  f1-score   support

           0       0.90      0.92      0.91      9711
           1       0.65      0.88      0.75      2421
           2       0.95      0.74      0.83      7458
           3       0.61      0.80      0.69       200
           4       0.73      0.86      0.79      2754

    accuracy                           0.85     22544
   macro avg       0.77      0.84      0.79     22544
weighted avg       0.86      0.85      0.85     22544

[[8909  284   60   48  410]
 [  33 2129  228   10   21]
 [ 645  850 5525   11  427]
 [   9    0    1  160   30]
 [ 338   11    2   33 2370]]
