27
20201019_175433
0.8470990063875089
              precision    recall  f1-score   support

           0       0.92      0.83      0.87      9711
           1       0.76      0.95      0.84      2421
           2       0.91      0.80      0.85      7458
           3       0.54      0.84      0.65       200
           4       0.68      0.96      0.79      2754

    accuracy                           0.85     22544
   macro avg       0.76      0.87      0.80     22544
weighted avg       0.87      0.85      0.85     22544

[[8078  326  507   46  754]
 [  10 2289  108    7    7]
 [ 660  384 5931   10  473]
 [   0    1    0  168   31]
 [  13   23    4   83 2631]]
