78
20201019_153907
0.8472764371894961
              precision    recall  f1-score   support

           0       0.92      0.84      0.88      9711
           1       0.69      0.87      0.77      2421
           2       0.95      0.81      0.87      7458
           3       0.37      0.91      0.52       200
           4       0.69      0.94      0.80      2754

    accuracy                           0.85     22544
   macro avg       0.72      0.87      0.77     22544
weighted avg       0.87      0.85      0.85     22544

[[8195  727   93  104  592]
 [   2 2098  251   44   26]
 [ 656  214 6035   23  530]
 [   1    0    0  182   17]
 [  10    8    1  144 2591]]
