77
20201019_174750
0.8474538679914834
              precision    recall  f1-score   support

           0       0.86      0.89      0.88      9711
           1       0.75      0.87      0.81      2421
           2       0.95      0.78      0.86      7458
           3       0.45      0.70      0.55       200
           4       0.72      0.85      0.78      2754

    accuracy                           0.85     22544
   macro avg       0.75      0.82      0.77     22544
weighted avg       0.86      0.85      0.85     22544

[[8689  453   71   57  441]
 [   4 2108  250    6   53]
 [ 982  203 5826   78  369]
 [   5   18    0  141   36]
 [ 366   11    2   34 2341]]
