39
20201019_194415
0.847764371894961
              precision    recall  f1-score   support

           0       0.88      0.86      0.87      9711
           1       0.83      0.89      0.86      2421
           2       0.90      0.80      0.85      7458
           3       0.41      0.84      0.55       200
           4       0.71      0.89      0.79      2754

    accuracy                           0.85     22544
   macro avg       0.75      0.86      0.78     22544
weighted avg       0.86      0.85      0.85     22544

[[8361  283  473  111  483]
 [  12 2151  160   58   40]
 [ 869  159 5987    8  435]
 [   6    1    0  169   24]
 [ 231    3    6   70 2444]]
