103
0.8477200141944642
              precision    recall  f1-score   support

           0       0.87      0.83      0.85      9711
           1       0.81      0.91      0.86      2421
           2       0.87      0.82      0.85      7458
           3       0.43      0.81      0.56       200
           4       0.79      0.95      0.86      2754

    accuracy                           0.85     22544
   macro avg       0.76      0.86      0.80     22544
weighted avg       0.85      0.85      0.85     22544

[[8021  274  647  130  639]
 [   0 2201  209    8    3]
 [1128  187 6110    1   32]
 [   0   16    2  161   21]
 [  18   30   15   73 2618]]
