24
20201019_175410
0.8478530872959545
              precision    recall  f1-score   support

           0       0.92      0.83      0.87      9711
           1       0.76      0.94      0.84      2421
           2       0.91      0.80      0.85      7458
           3       0.52      0.84      0.64       200
           4       0.68      0.95      0.80      2754

    accuracy                           0.85     22544
   macro avg       0.76      0.87      0.80     22544
weighted avg       0.87      0.85      0.85     22544

[[8052  330  508   48  773]
 [   6 2287  114    6    8]
 [ 666  386 5979   11  416]
 [   0    1    0  168   31]
 [  11   22    3   90 2628]]
