158
0.8478974449964514
              precision    recall  f1-score   support

           0       0.87      0.83      0.85      9711
           1       0.82      0.89      0.85      2421
           2       0.88      0.82      0.85      7458
           3       0.42      0.79      0.55       200
           4       0.78      0.95      0.86      2754

    accuracy                           0.85     22544
   macro avg       0.76      0.86      0.79     22544
weighted avg       0.85      0.85      0.85     22544

[[8031  272  594  138  676]
 [   0 2150  260    9    2]
 [1131  156 6151    0   20]
 [   0   14    7  158   21]
 [  18   22   16   73 2625]]
