33
20201019_203716
0.8478974449964514
              precision    recall  f1-score   support

           0       0.87      0.90      0.88      9711
           1       0.74      0.91      0.82      2421
           2       0.98      0.74      0.84      7458
           3       0.45      0.88      0.60       200
           4       0.71      0.92      0.80      2754

    accuracy                           0.85     22544
   macro avg       0.75      0.87      0.79     22544
weighted avg       0.87      0.85      0.85     22544

[[8725  338    3  113  532]
 [   0 2203  118   31   69]
 [1139  412 5482    1  424]
 [   3    0    0  175   22]
 [ 143   14    1   66 2530]]
