50
20201019_203925
0.8478530872959545
              precision    recall  f1-score   support

           0       0.88      0.90      0.89      9711
           1       0.73      0.89      0.80      2421
           2       0.97      0.73      0.83      7458
           3       0.48      0.89      0.62       200
           4       0.72      0.95      0.82      2754

    accuracy                           0.85     22544
   macro avg       0.75      0.87      0.79     22544
weighted avg       0.87      0.85      0.85     22544

[[8720  343    2   99  547]
 [   0 2163  181   26   51]
 [1143  458 5438    0  419]
 [   2    1    0  177   20]
 [  51   16    1   70 2616]]
