33
20201019_195209
0.8480305180979418
              precision    recall  f1-score   support

           0       0.87      0.89      0.88      9711
           1       0.83      0.84      0.83      2421
           2       0.97      0.76      0.85      7458
           3       0.31      0.82      0.45       200
           4       0.69      0.95      0.80      2754

    accuracy                           0.85     22544
   macro avg       0.73      0.85      0.76     22544
weighted avg       0.87      0.85      0.85     22544

[[8641  263   58  147  602]
 [  27 2033  126  125  110]
 [1215  153 5655    4  431]
 [   2    0    0  165   33]
 [  25    9    2   94 2624]]
