42
20201019_203824
0.8480305180979418
              precision    recall  f1-score   support

           0       0.88      0.90      0.89      9711
           1       0.73      0.89      0.80      2421
           2       0.97      0.73      0.83      7458
           3       0.47      0.89      0.61       200
           4       0.71      0.95      0.82      2754

    accuracy                           0.85     22544
   macro avg       0.75      0.87      0.79     22544
weighted avg       0.87      0.85      0.85     22544

[[8709  338    2  103  559]
 [   0 2163  175   32   51]
 [1143  446 5448    0  421]
 [   2    1    0  177   20]
 [  54   11    1   67 2621]]
