17
20201019_201651
0.8481635911994322
              precision    recall  f1-score   support

           0       0.84      0.86      0.85      9711
           1       0.84      0.94      0.89      2421
           2       0.91      0.84      0.87      7458
           3       0.36      0.80      0.49       200
           4       0.81      0.76      0.79      2754

    accuracy                           0.85     22544
   macro avg       0.75      0.84      0.78     22544
weighted avg       0.86      0.85      0.85     22544

[[8345  300  512  149  405]
 [  13 2285   83   15   25]
 [1107   91 6233    1   26]
 [   1   13    0  160   26]
 [ 502   23    7  124 2098]]
