17
20201019_142002
0.8481635911994322
              precision    recall  f1-score   support

           0       0.87      0.88      0.88      9711
           1       0.83      0.93      0.88      2421
           2       0.97      0.73      0.84      7458
           3       0.61      0.71      0.66       200
           4       0.65      0.97      0.78      2754

    accuracy                           0.85     22544
   macro avg       0.79      0.85      0.81     22544
weighted avg       0.87      0.85      0.85     22544

[[8587  287   68   37  732]
 [   4 2251   85   14   67]
 [1216  152 5464    0  626]
 [  12    0    0  143   45]
 [  23   12    4   39 2676]]
