25
20201019_175418
0.8482966643009227
              precision    recall  f1-score   support

           0       0.92      0.83      0.87      9711
           1       0.76      0.95      0.84      2421
           2       0.91      0.80      0.85      7458
           3       0.53      0.84      0.65       200
           4       0.68      0.95      0.79      2754

    accuracy                           0.85     22544
   macro avg       0.76      0.87      0.80     22544
weighted avg       0.87      0.85      0.85     22544

[[8061  329  510   46  765]
 [   6 2292  108    7    8]
 [ 662  385 5974   10  427]
 [   0    0    0  168   32]
 [  12   22    3   88 2629]]
