130
0.8484740951029098
              precision    recall  f1-score   support

           0       0.87      0.83      0.85      9711
           1       0.82      0.90      0.86      2421
           2       0.88      0.82      0.85      7458
           3       0.40      0.79      0.53       200
           4       0.79      0.95      0.86      2754

    accuracy                           0.85     22544
   macro avg       0.75      0.86      0.79     22544
weighted avg       0.86      0.85      0.85     22544

[[8026  274  618  154  639]
 [   0 2180  233    8    0]
 [1129  159 6148    0   22]
 [   0   16    6  157   21]
 [  18   28   15   76 2617]]
