69
20201019_191634
0.8485628105039035
              precision    recall  f1-score   support

           0       0.86      0.86      0.86      9711
           1       0.83      0.92      0.88      2421
           2       0.91      0.78      0.84      7458
           3       0.47      0.87      0.61       200
           4       0.76      0.90      0.82      2754

    accuracy                           0.85     22544
   macro avg       0.77      0.87      0.80     22544
weighted avg       0.86      0.85      0.85     22544

[[8391  292  492   76  460]
 [  23 2229  112   30   27]
 [1177  143 5848    3  287]
 [   5    0    0  174   21]
 [ 170    8    4   84 2488]]
