17
20201019_161123
0.8486071682044003
              precision    recall  f1-score   support

           0       0.87      0.87      0.87      9711
           1       0.74      0.93      0.82      2421
           2       0.90      0.82      0.86      7458
           3       0.53      0.89      0.66       200
           4       0.82      0.80      0.81      2754

    accuracy                           0.85     22544
   macro avg       0.77      0.86      0.80     22544
weighted avg       0.86      0.85      0.85     22544

[[8402  292  498   80  439]
 [   3 2241  154   19    4]
 [1143  161 6115    6   33]
 [   1    0    0  177   22]
 [ 161  341    3   53 2196]]
