31
20201019_201841
0.8488733144073811
              precision    recall  f1-score   support

           0       0.83      0.86      0.85      9711
           1       0.85      0.95      0.90      2421
           2       0.91      0.83      0.87      7458
           3       0.36      0.80      0.49       200
           4       0.82      0.77      0.79      2754

    accuracy                           0.85     22544
   macro avg       0.76      0.84      0.78     22544
weighted avg       0.86      0.85      0.85     22544

[[8367  291  514  150  389]
 [  16 2303   56   15   31]
 [1175   81 6200    1    1]
 [   1   13    0  160   26]
 [ 506   14    6  121 2107]]
