35
20201019_194344
0.8490507452093683
              precision    recall  f1-score   support

           0       0.89      0.86      0.87      9711
           1       0.83      0.89      0.86      2421
           2       0.90      0.81      0.86      7458
           3       0.39      0.84      0.53       200
           4       0.71      0.89      0.79      2754

    accuracy                           0.85     22544
   macro avg       0.74      0.86      0.78     22544
weighted avg       0.86      0.85      0.85     22544

[[8324  282  481  127  497]
 [   8 2150  162   61   40]
 [ 801  161 6056    8  432]
 [   6    2    0  169   23]
 [ 231    3    6   72 2442]]
