31
20201019_175504
0.8491394606103619
              precision    recall  f1-score   support

           0       0.92      0.84      0.88      9711
           1       0.76      0.94      0.84      2421
           2       0.90      0.79      0.85      7458
           3       0.55      0.83      0.67       200
           4       0.68      0.96      0.80      2754

    accuracy                           0.85     22544
   macro avg       0.76      0.87      0.81     22544
weighted avg       0.87      0.85      0.85     22544

[[8145  312  507   41  706]
 [  11 2279  116    8    7]
 [ 660  402 5916   10  470]
 [   1    1    0  167   31]
 [  16   22    4   76 2636]]
