43
20201019_162732
0.8494943222143364
              precision    recall  f1-score   support

           0       0.87      0.85      0.86      9711
           1       0.78      0.94      0.85      2421
           2       0.90      0.80      0.85      7458
           3       0.51      0.88      0.64       200
           4       0.78      0.88      0.83      2754

    accuracy                           0.85     22544
   macro avg       0.77      0.87      0.81     22544
weighted avg       0.86      0.85      0.85     22544

[[8271  380  521   82  457]
 [   1 2276  102    9   33]
 [1038  216 6000   24  180]
 [   2    1    0  175   22]
 [ 222   36   11   56 2429]]
