31
20201019_195153
0.8494499645138396
              precision    recall  f1-score   support

           0       0.87      0.89      0.88      9711
           1       0.84      0.83      0.84      2421
           2       0.97      0.76      0.85      7458
           3       0.31      0.82      0.45       200
           4       0.69      0.95      0.80      2754

    accuracy                           0.85     22544
   macro avg       0.74      0.85      0.76     22544
weighted avg       0.87      0.85      0.85     22544

[[8650  259   61  146  595]
 [  27 2021  140  124  109]
 [1206  128 5696    4  424]
 [   2    0    0  165   33]
 [  33    7    2   94 2618]]
