13
20201019_183943
0.8498935415188077
              precision    recall  f1-score   support

           0       0.88      0.90      0.89      9711
           1       0.77      0.84      0.80      2421
           2       0.94      0.77      0.85      7458
           3       0.53      0.81      0.64       200
           4       0.71      0.91      0.80      2754

    accuracy                           0.85     22544
   macro avg       0.76      0.84      0.79     22544
weighted avg       0.86      0.85      0.85     22544

[[8700  353   54   74  530]
 [   7 2031  328   16   39]
 [1030  235 5773    6  414]
 [   6    1    0  161   32]
 [ 185   24    1   49 2495]]
