Epoch: 27
20201117_215549
Accuracy: 0.8801454932576295
Classification Report:
              precision    recall  f1-score   support

           0       0.93      0.90      0.91      9711
           1       0.82      0.91      0.87      2421
           2       0.96      0.84      0.90      7458
           3       0.21      0.36      0.27       200
           4       0.72      0.94      0.81      2754

    accuracy                           0.88     22544
   macro avg       0.73      0.79      0.75     22544
weighted avg       0.90      0.88      0.88     22544

Confusion Matrix:
[[8740  221   98   61  591]
 [  20 2207  124   24   46]
 [ 626  134 6244   80  374]
 [   0  112    0   72   16]
 [  58    6    6  105 2579]]
