Epoch: 52
20201117_215812
Accuracy: 0.8808108587650816
Classification Report:
              precision    recall  f1-score   support

           0       0.90      0.93      0.92      9711
           1       0.84      0.91      0.87      2421
           2       0.96      0.85      0.90      7458
           3       0.17      0.36      0.23       200
           4       0.77      0.81      0.79      2754

    accuracy                           0.88     22544
   macro avg       0.73      0.77      0.74     22544
weighted avg       0.89      0.88      0.88     22544

Confusion Matrix:
[[9063  205   95   60  288]
 [  21 2196  131   38   35]
 [ 594  103 6308  114  339]
 [   1  111    0   72   16]
 [ 377    8   11  140 2218]]
