Epoch: 43
20201117_215721
Accuracy: 0.8811213626685592
Classification Report:
              precision    recall  f1-score   support

           0       0.91      0.92      0.92      9711
           1       0.83      0.91      0.87      2421
           2       0.97      0.84      0.90      7458
           3       0.18      0.36      0.24       200
           4       0.75      0.86      0.80      2754

    accuracy                           0.88     22544
   macro avg       0.73      0.78      0.74     22544
weighted avg       0.89      0.88      0.89     22544

Confusion Matrix:
[[8968  211   88   57  387]
 [  21 2198  130   36   36]
 [ 629  122 6257  120  330]
 [   1  111    0   72   16]
 [ 250    7    5  123 2369]]
