Epoch: 17
20201117_215453
Accuracy: 0.8824077359829666
Classification Report:
              precision    recall  f1-score   support

           0       0.92      0.90      0.91      9711
           1       0.85      0.91      0.88      2421
           2       0.97      0.84      0.90      7458
           3       0.32      0.69      0.44       200
           4       0.70      0.94      0.80      2754

    accuracy                           0.88     22544
   macro avg       0.75      0.86      0.79     22544
weighted avg       0.90      0.88      0.89     22544

Confusion Matrix:
[[8721  221   50   74  645]
 [  22 2200  111   46   42]
 [ 636  105 6255   73  389]
 [   0   45    0  139   16]
 [  58    5    9  104 2578]]
