Epoch: 23
20201117_215526
Accuracy: 0.8824964513839603
Classification Report:
              precision    recall  f1-score   support

           0       0.92      0.90      0.91      9711
           1       0.84      0.91      0.87      2421
           2       0.96      0.84      0.90      7458
           3       0.29      0.55      0.38       200
           4       0.72      0.93      0.81      2754

    accuracy                           0.88     22544
   macro avg       0.75      0.83      0.77     22544
weighted avg       0.90      0.88      0.89     22544

Confusion Matrix:
[[8766  218   91   57  579]
 [  26 2199  133   21   42]
 [ 630  118 6254   72  384]
 [   0   76    0  109   15]
 [  62    3    9  113 2567]]
