Epoch: 199
20201118_005348
Accuracy: 0.8643097941802697
Classification Report:
              precision    recall  f1-score   support

           0       0.89      0.91      0.90      9711
           1       0.69      0.84      0.76      2421
           2       0.96      0.88      0.92      7458
           3       0.19      0.34      0.25       200
           4       0.80      0.73      0.76      2754

    accuracy                           0.86     22544
   macro avg       0.71      0.74      0.72     22544
weighted avg       0.87      0.86      0.87     22544

Confusion Matrix:
[[8847  651   92   49   72]
 [ 130 2032  194   27   38]
 [ 381  124 6538   46  369]
 [   9  111    2   67   11]
 [ 582    9    6  156 2001]]
