Epoch: 29
20201108_210334
Accuracy: 0.8170244854506742
Classification Report:
              precision    recall  f1-score   support

           0       0.86      0.88      0.87      9711
           1       0.88      0.78      0.83      7458
           2       0.79      0.75      0.77      2754
           3       0.88      0.77      0.82      2421
           4       0.10      0.64      0.18       200

    accuracy                           0.82     22544
   macro avg       0.70      0.76      0.69     22544
weighted avg       0.85      0.82      0.83     22544

Confusion Matrix:
[[8500  438  520  208   45]
 [1057 5853    4   54  490]
 [ 273   30 2065    1  385]
 [  54  310    2 1873  182]
 [  15   42   15    0  128]]
