Epoch: 37
20201114_004257
Accuracy: 0.8702093683463449
Classification Report:
              precision    recall  f1-score   support

           0       0.91      0.90      0.91      9711
           1       0.78      0.76      0.77      2421
           2       0.88      0.91      0.89      7458
           3       0.31      0.69      0.43       200
           4       0.90      0.74      0.81      2754

    accuracy                           0.87     22544
   macro avg       0.75      0.80      0.76     22544
weighted avg       0.88      0.87      0.87     22544

Confusion Matrix:
[[8773  199  551   42  146]
 [ 105 1850  251  136   79]
 [ 307  299 6820   30    2]
 [  31   19    2  137   11]
 [ 450   10  164   92 2038]]
