Epoch: 855
20201114_044252
Accuracy: 0.8710521646557843
Classification Report:
              precision    recall  f1-score   support

           0       0.88      0.90      0.89      9711
           1       0.70      0.83      0.76      2421
           2       0.94      0.91      0.92      7458
           3       0.30      0.74      0.43       200
           4       0.95      0.70      0.80      2754

    accuracy                           0.87     22544
   macro avg       0.75      0.82      0.76     22544
weighted avg       0.88      0.87      0.87     22544

Confusion Matrix:
[[8754  642   99  138   78]
 [ 110 1999  236   52   24]
 [ 366  188 6808   96    0]
 [  29   12    1  148   10]
 [ 638   11  122   55 1928]]
