Epoch: 856
20201114_044309
Accuracy: 0.8710521646557843
Classification Report:
              precision    recall  f1-score   support

           0       0.89      0.90      0.89      9711
           1       0.70      0.82      0.76      2421
           2       0.94      0.91      0.92      7458
           3       0.26      0.73      0.39       200
           4       0.95      0.71      0.81      2754

    accuracy                           0.87     22544
   macro avg       0.75      0.82      0.76     22544
weighted avg       0.89      0.87      0.88     22544

Confusion Matrix:
[[8750  627  101  153   80]
 [  73 1990  244   92   22]
 [ 368  191 6788  111    0]
 [  31   12    0  146   11]
 [ 635   11   94   51 1963]]
