Epoch: 923
20201114_050234
Accuracy: 0.8713626685592619
Classification Report:
              precision    recall  f1-score   support

           0       0.88      0.90      0.89      9711
           1       0.71      0.82      0.76      2421
           2       0.94      0.92      0.93      7458
           3       0.38      0.75      0.50       200
           4       0.93      0.69      0.79      2754

    accuracy                           0.87     22544
   macro avg       0.77      0.82      0.77     22544
weighted avg       0.88      0.87      0.87     22544

Confusion Matrix:
[[8736  654   97  119  105]
 [ 120 1997  242   35   27]
 [ 410  159 6850   39    0]
 [  29    7    2  150   12]
 [ 651   14  123   55 1911]]
