Epoch: 13
20201114_001521
Accuracy: 0.8719393186657204
Classification Report:
              precision    recall  f1-score   support

           0       0.89      0.87      0.88      9711
           1       0.71      0.80      0.75      2421
           2       0.95      0.93      0.94      7458
           3       0.39      0.81      0.52       200
           4       0.82      0.81      0.81      2754

    accuracy                           0.87     22544
   macro avg       0.75      0.84      0.78     22544
weighted avg       0.88      0.87      0.87     22544

Confusion Matrix:
[[8412  650  110   69  470]
 [ 245 1929  218   23    6]
 [ 336  104 6926   87    5]
 [   9   16    4  161   10]
 [ 424   12   14   75 2229]]
