Epoch: 978
20201114_051816
Accuracy: 0.8736692689850958
Classification Report:
              precision    recall  f1-score   support

           0       0.88      0.90      0.89      9711
           1       0.70      0.81      0.76      2421
           2       0.94      0.92      0.93      7458
           3       0.34      0.76      0.47       200
           4       0.94      0.73      0.82      2754

    accuracy                           0.87     22544
   macro avg       0.76      0.82      0.77     22544
weighted avg       0.88      0.87      0.88     22544

Confusion Matrix:
[[8748  652  102  120   89]
 [ 122 1973  251   37   38]
 [ 390  162 6826   80    0]
 [  29    6    3  151   11]
 [ 622   11   67   56 1998]]
