Epoch: 966
20201114_051450
Accuracy: 0.8742015613910575
Classification Report:
              precision    recall  f1-score   support

           0       0.89      0.90      0.89      9711
           1       0.70      0.82      0.76      2421
           2       0.94      0.92      0.93      7458
           3       0.35      0.76      0.48       200
           4       0.94      0.72      0.81      2754

    accuracy                           0.87     22544
   macro avg       0.76      0.82      0.77     22544
weighted avg       0.89      0.87      0.88     22544

Confusion Matrix:
[[8758  641   98  124   90]
 [ 114 1995  256   35   21]
 [ 385  203 6825   45    0]
 [  29    6    2  152   11]
 [ 603   11   79   83 1978]]
