Epoch: 27
20201114_110449
Accuracy: 0.8744677075940384
Classification Report:
              precision    recall  f1-score   support

           0       0.92      0.90      0.91      9711
           1       0.75      0.91      0.83      2421
           2       0.96      0.92      0.94      7458
           3       0.21      0.88      0.34       200
           4       0.82      0.63      0.71      2754

    accuracy                           0.87     22544
   macro avg       0.73      0.85      0.75     22544
weighted avg       0.90      0.87      0.88     22544

Confusion Matrix:
[[8722  615  148   83  143]
 [   8 2207  110   91    5]
 [ 215   89 6863   55  236]
 [  13    4    5  176    2]
 [ 558   14   11  425 1746]]
