Epoch: 996
20201114_052341
Accuracy: 0.8753548616039745
Classification Report:
              precision    recall  f1-score   support

           0       0.88      0.90      0.89      9711
           1       0.70      0.82      0.76      2421
           2       0.94      0.92      0.93      7458
           3       0.35      0.73      0.48       200
           4       0.94      0.72      0.82      2754

    accuracy                           0.88     22544
   macro avg       0.76      0.82      0.77     22544
weighted avg       0.89      0.88      0.88     22544

Confusion Matrix:
[[8747  643   92  136   93]
 [  65 1994  255   78   29]
 [ 412  184 6858    3    1]
 [  31   10    2  147   10]
 [ 631   11   71   53 1988]]
