Epoch: 965
20201114_051433
Accuracy: 0.8757097232079489
Classification Report:
              precision    recall  f1-score   support

           0       0.89      0.90      0.89      9711
           1       0.70      0.83      0.76      2421
           2       0.94      0.92      0.93      7458
           3       0.41      0.77      0.53       200
           4       0.93      0.72      0.81      2754

    accuracy                           0.88     22544
   macro avg       0.77      0.83      0.78     22544
weighted avg       0.88      0.88      0.88     22544

Confusion Matrix:
[[8747  659  100  107   98]
 [  78 2006  261   46   30]
 [ 395  178 6864   21    0]
 [  30    3    3  153   11]
 [ 624   12   97   49 1972]]
