Epoch: 998
20201114_052416
Accuracy: 0.8764638041163946
Classification Report:
              precision    recall  f1-score   support

           0       0.89      0.90      0.89      9711
           1       0.70      0.82      0.76      2421
           2       0.94      0.93      0.93      7458
           3       0.36      0.77      0.49       200
           4       0.95      0.71      0.81      2754

    accuracy                           0.88     22544
   macro avg       0.77      0.83      0.78     22544
weighted avg       0.89      0.88      0.88     22544

Confusion Matrix:
[[8754  658  102  118   79]
 [ 118 1992  256   38   17]
 [ 383  160 6910    5    0]
 [  29    4    2  154   11]
 [ 581   12   94  118 1949]]
