Epoch: 913
20201114_045943
Accuracy: 0.8776614620298083
Classification Report:
              precision    recall  f1-score   support

           0       0.89      0.90      0.89      9711
           1       0.71      0.83      0.76      2421
           2       0.94      0.93      0.93      7458
           3       0.38      0.78      0.51       200
           4       0.93      0.72      0.81      2754

    accuracy                           0.88     22544
   macro avg       0.77      0.83      0.78     22544
weighted avg       0.89      0.88      0.88     22544

Confusion Matrix:
[[8737  647  106  123   98]
 [ 116 1998  238   38   31]
 [ 384  168 6906    0    0]
 [  26    5    1  156   12]
 [ 587   11   72   95 1989]]
