Epoch: 995
20201114_052324
Accuracy: 0.877750177430802
Classification Report:
              precision    recall  f1-score   support

           0       0.88      0.90      0.89      9711
           1       0.70      0.82      0.76      2421
           2       0.95      0.93      0.94      7458
           3       0.39      0.77      0.52       200
           4       0.94      0.73      0.82      2754

    accuracy                           0.88     22544
   macro avg       0.77      0.83      0.78     22544
weighted avg       0.89      0.88      0.88     22544

Confusion Matrix:
[[8752  658   96  119   86]
 [ 105 1978  237   65   36]
 [ 388  166 6901    3    0]
 [  29    5    2  153   11]
 [ 628   11   58   53 2004]]
