Epoch: 49
20201107_134334
Accuracy: 0.8187544357700497
Classification Report:
              precision    recall  f1-score   support

           0       0.92      0.84      0.88      9711
           1       0.86      0.82      0.84      7458
           2       0.68      0.77      0.72      2754
           3       0.76      0.80      0.78      2421
           4       0.18      0.90      0.30       200

    accuracy                           0.82     22544
   macro avg       0.68      0.82      0.70     22544
weighted avg       0.85      0.82      0.83     22544

Confusion Matrix:
[[8150  612  477  282  190]
 [ 655 6088  324  314   77]
 [   9  269 2107   27  342]
 [   5   97  191 1934  194]
 [   0    0   21    0  179]]
