Epoch: 49
20201105_101226
Accuracy: 0.857389992902768
Classification Report:
              precision    recall  f1-score   support

           0       0.92      0.83      0.87      9711
           1       0.91      0.86      0.89      7458
           2       0.75      0.92      0.82      2754
           3       0.73      0.89      0.80      2421
           4       0.42      0.82      0.56       200

    accuracy                           0.86     22544
   macro avg       0.75      0.86      0.79     22544
weighted avg       0.87      0.86      0.86     22544

Confusion Matrix:
[[8076  537  669  360   69]
 [ 618 6397   37  401    5]
 [ 101   12 2533   37   71]
 [  13   47  121 2159   81]
 [   2    0   28    6  164]]
