Epoch: 49
20201108_203224
Accuracy: 0.8227022711142654
Classification Report:
              precision    recall  f1-score   support

           0       0.87      0.85      0.86      9711
           1       0.96      0.77      0.85      7458
           2       0.65      0.86      0.74      2754
           3       0.65      0.84      0.73      2421
           4       0.55      0.83      0.66       200

    accuracy                           0.82     22544
   macro avg       0.74      0.83      0.77     22544
weighted avg       0.85      0.82      0.83     22544

Confusion Matrix:
[[8259   76  551  771   54]
 [1150 5719  554   24   11]
 [  43    2 2372  301   36]
 [  21  166  170 2031   33]
 [   9    0   25    0  166]]
