Epoch: 19
20201114_002655
Accuracy: 0.8457239176721079
Classification Report:
              precision    recall  f1-score   support

           0       0.88      0.90      0.89      9711
           1       0.66      0.74      0.70      2421
           2       0.92      0.88      0.90      7458
           3       0.21      0.81      0.34       200
           4       0.93      0.64      0.76      2754

    accuracy                           0.85     22544
   macro avg       0.72      0.80      0.72     22544
weighted avg       0.87      0.85      0.85     22544

Confusion Matrix:
[[8773  651  141   71   75]
 [ 150 1795  348   74   54]
 [ 397  243 6560  257    1]
 [   9    8    9  163   11]
 [ 659   12  104  204 1775]]
