Epoch: 99
20201114_103158
Accuracy: 0.8471433640880057
Classification Report:
              precision    recall  f1-score   support

           0       0.90      0.90      0.90      9711
           1       0.77      0.74      0.75      2421
           2       0.86      0.89      0.88      7458
           3       0.16      0.69      0.26       200
           4       0.95      0.65      0.77      2754

    accuracy                           0.85     22544
   macro avg       0.73      0.78      0.71     22544
weighted avg       0.87      0.85      0.85     22544

Confusion Matrix:
[[8740  198  576  128   69]
 [  44 1787  472  104   14]
 [ 329  324 6631  169    5]
 [  47    3    3  139    8]
 [ 579   11   14  349 1801]]
