9
20201021_090203
0.8400904897090135
              precision    recall  f1-score   support

           0       0.87      0.86      0.86      9711
           1       0.67      0.89      0.76      2421
           2       0.97      0.83      0.89      7458
           3       0.35      0.84      0.49       200
           4       0.73      0.78      0.75      2754

    accuracy                           0.84     22544
   macro avg       0.72      0.84      0.75     22544
weighted avg       0.86      0.84      0.85     22544

[[8323  844   30   76  438]
 [  23 2148  187   43   20]
 [ 691  188 6159  105  315]
 [   0    0    0  169   31]
 [ 500   19    5   90 2140]]
