65
20201021_092613
0.8400461320085166
              precision    recall  f1-score   support

           0       0.86      0.86      0.86      9711
           1       0.87      0.90      0.88      2421
           2       0.89      0.77      0.83      7458
           3       0.37      0.83      0.51       200
           4       0.72      0.88      0.79      2754

    accuracy                           0.84     22544
   macro avg       0.74      0.85      0.78     22544
weighted avg       0.85      0.84      0.84     22544

[[8396  233  536  105  441]
 [   1 2168  140   83   29]
 [1143   88 5777    8  442]
 [   6    0    0  167   27]
 [ 222    4    8   90 2430]]
