26
20201021_222148
0.8400904897090135
              precision    recall  f1-score   support

           0       0.88      0.84      0.86      9711
           1       0.69      0.87      0.77      2421
           2       0.97      0.78      0.86      7458
           3       0.39      0.88      0.54       200
           4       0.72      0.96      0.82      2754

    accuracy                           0.84     22544
   macro avg       0.73      0.87      0.77     22544
weighted avg       0.86      0.84      0.84     22544

[[8199  807   66   51  588]
 [   6 2097  137  110   71]
 [1138  130 5831   30  329]
 [   1    0    0  176   23]
 [  14   16    2   86 2636]]
