44
20201021_212843
0.8400461320085166
              precision    recall  f1-score   support

           0       0.86      0.87      0.86      9711
           1       0.68      0.85      0.75      2421
           2       0.96      0.80      0.87      7458
           3       0.55      0.81      0.66       200
           4       0.74      0.86      0.79      2754

    accuracy                           0.84     22544
   macro avg       0.76      0.84      0.79     22544
weighted avg       0.85      0.84      0.84     22544

[[8408  819   15   45  424]
 [  67 2053  239   10   52]
 [1002  150 5950   13  343]
 [  11    1    0  162   26]
 [ 306   16    5   62 2365]]
