97
20201021_140642
0.8400017743080199
              precision    recall  f1-score   support

           0       0.88      0.85      0.86      9711
           1       0.84      0.91      0.88      2421
           2       0.90      0.77      0.83      7458
           3       0.47      0.82      0.60       200
           4       0.69      0.96      0.80      2754

    accuracy                           0.84     22544
   macro avg       0.75      0.86      0.79     22544
weighted avg       0.85      0.84      0.84     22544

[[8210  243  523   94  641]
 [   2 2214  117    9   79]
 [1143  168 5712    1  434]
 [   0    0    0  165   35]
 [  23    4    6   85 2636]]
