44
20201021_132819
0.8401792051100071
              precision    recall  f1-score   support

           0       0.87      0.89      0.88      9711
           1       0.80      0.93      0.86      2421
           2       0.97      0.72      0.83      7458
           3       0.29      0.85      0.43       200
           4       0.68      0.91      0.78      2754

    accuracy                           0.84     22544
   macro avg       0.72      0.86      0.76     22544
weighted avg       0.87      0.84      0.84     22544

[[8627  291   63  111  619]
 [   2 2258  107   22   32]
 [1175  228 5384  165  506]
 [   8    2    0  170   20]
 [  86   41    3  122 2502]]
