185
20201021_200415
0.8401792051100071
              precision    recall  f1-score   support

           0       0.87      0.85      0.86      9711
           1       0.80      0.91      0.85      2421
           2       0.90      0.83      0.86      7458
           3       0.48      0.77      0.59       200
           4       0.69      0.78      0.73      2754

    accuracy                           0.84     22544
   macro avg       0.75      0.83      0.78     22544
weighted avg       0.85      0.84      0.84     22544

[[8262  359  570   79  441]
 [  23 2200  110   37   51]
 [ 682  163 6171   10  432]
 [   3    0   10  154   33]
 [ 524   21   11   44 2154]]
