56
20201021_112658
0.8402235628105039
              precision    recall  f1-score   support

           0       0.88      0.89      0.89      9711
           1       0.80      0.84      0.82      2421
           2       0.95      0.73      0.83      7458
           3       0.28      0.89      0.42       200
           4       0.69      0.94      0.80      2754

    accuracy                           0.84     22544
   macro avg       0.72      0.86      0.75     22544
weighted avg       0.87      0.84      0.84     22544

[[8670  266   60  101  614]
 [  16 2039  204   62  100]
 [1154  241 5472  172  419]
 [   2    0    0  178   20]
 [  32    7    3  129 2583]]
