92
20201021_223418
0.8402235628105039
              precision    recall  f1-score   support

           0       0.85      0.91      0.88      9711
           1       0.81      0.91      0.86      2421
           2       0.96      0.75      0.84      7458
           3       0.30      0.84      0.44       200
           4       0.72      0.77      0.75      2754

    accuracy                           0.84     22544
   macro avg       0.73      0.84      0.75     22544
weighted avg       0.86      0.84      0.84     22544

[[8861  278   90   76  406]
 [   1 2215  166   15   24]
 [1149  219 5577  162  351]
 [   1    1    0  168   30]
 [ 468   19    2  144 2121]]
