239
20201021_135124
0.8403122782114976
              precision    recall  f1-score   support

           0       0.85      0.94      0.89      9711
           1       0.72      0.84      0.77      2421
           2       0.95      0.72      0.82      7458
           3       0.37      0.83      0.51       200
           4       0.78      0.81      0.79      2754

    accuracy                           0.84     22544
   macro avg       0.73      0.83      0.76     22544
weighted avg       0.86      0.84      0.84     22544

[[9120  298   60   65  168]
 [   7 2032  233   85   64]
 [1134  485 5406   58  375]
 [  21    0    0  166   13]
 [ 444   12    0   78 2220]]
