54
20201021_132332
0.8403566359119943
              precision    recall  f1-score   support

           0       0.87      0.85      0.86      9711
           1       0.71      0.90      0.79      2421
           2       0.97      0.77      0.86      7458
           3       0.27      0.84      0.41       200
           4       0.75      0.95      0.84      2754

    accuracy                           0.84     22544
   macro avg       0.71      0.86      0.75     22544
weighted avg       0.87      0.84      0.85     22544

[[8216  771   21  130  573]
 [  11 2191  170   34   15]
 [1143  129 5757  181  248]
 [   1    1    0  169   29]
 [  28    7    1  106 2612]]
