67
20201021_195223
0.8404453513129879
              precision    recall  f1-score   support

           0       0.85      0.91      0.88      9711
           1       0.82      0.86      0.84      2421
           2       0.96      0.78      0.86      7458
           3       0.27      0.78      0.40       200
           4       0.68      0.75      0.71      2754

    accuracy                           0.84     22544
   macro avg       0.72      0.82      0.74     22544
weighted avg       0.86      0.84      0.85     22544

[[8822  255   39  179  416]
 [  10 2093  169   33  116]
 [1013  159 5821   52  413]
 [   0   16    0  156   28]
 [ 492   27   16  164 2055]]
