37
20201021_115028
0.8404897090134847
              precision    recall  f1-score   support

           0       0.90      0.84      0.87      9711
           1       0.80      0.92      0.86      2421
           2       0.90      0.77      0.83      7458
           3       0.47      0.90      0.61       200
           4       0.66      0.96      0.79      2754

    accuracy                           0.84     22544
   macro avg       0.75      0.88      0.79     22544
weighted avg       0.86      0.84      0.84     22544

[[8155  265  480   94  717]
 [   1 2239  127   22   32]
 [ 865  293 5730    5  565]
 [   0    0    0  179   21]
 [   7   17    2   83 2645]]
