33
20201021_122021
0.8404009936124911
              precision    recall  f1-score   support

           0       0.88      0.86      0.87      9711
           1       0.78      0.91      0.84      2421
           2       0.96      0.76      0.85      7458
           3       0.41      0.85      0.56       200
           4       0.67      0.94      0.78      2754

    accuracy                           0.84     22544
   macro avg       0.74      0.86      0.78     22544
weighted avg       0.86      0.84      0.84     22544

[[8336  368   75   94  838]
 [   3 2210  177   25    6]
 [1142  256 5649    7  404]
 [   6    0    0  171   23]
 [  35   13    7  119 2580]]
