62
20201021_120537
0.8404897090134847
              precision    recall  f1-score   support

           0       0.90      0.85      0.87      9711
           1       0.81      0.95      0.88      2421
           2       0.92      0.76      0.83      7458
           3       0.24      0.88      0.38       200
           4       0.70      0.90      0.79      2754

    accuracy                           0.84     22544
   macro avg       0.71      0.87      0.75     22544
weighted avg       0.87      0.84      0.85     22544

[[8280  305  431  112  583]
 [   1 2312   52   30   26]
 [ 854  215 5694  255  440]
 [   2    0    0  175   23]
 [  81   20    6  160 2487]]
