43
20201021_212831
0.8404453513129879
              precision    recall  f1-score   support

           0       0.86      0.87      0.86      9711
           1       0.68      0.85      0.75      2421
           2       0.96      0.80      0.87      7458
           3       0.55      0.81      0.66       200
           4       0.74      0.86      0.79      2754

    accuracy                           0.84     22544
   macro avg       0.76      0.84      0.79     22544
weighted avg       0.85      0.84      0.84     22544

[[8407  819   15   45  425]
 [  62 2059  239    9   52]
 [1002  150 5947   15  344]
 [  11    1    0  163   25]
 [ 300   16    5   62 2371]]
