59
20201021_120523
0.8405784244144784
              precision    recall  f1-score   support

           0       0.90      0.85      0.87      9711
           1       0.81      0.96      0.88      2421
           2       0.92      0.76      0.84      7458
           3       0.23      0.88      0.37       200
           4       0.70      0.90      0.79      2754

    accuracy                           0.84     22544
   macro avg       0.71      0.87      0.75     22544
weighted avg       0.87      0.84      0.85     22544

[[8274  309  432  113  583]
 [   1 2313   51   29   27]
 [ 848  219 5705  266  420]
 [   2    0    0  175   23]
 [  82   21    6  162 2483]]
