47
20201021_222556
0.8405784244144784
              precision    recall  f1-score   support

           0       0.88      0.87      0.87      9711
           1       0.80      0.89      0.84      2421
           2       0.95      0.76      0.85      7458
           3       0.32      0.84      0.46       200
           4       0.68      0.90      0.77      2754

    accuracy                           0.84     22544
   macro avg       0.72      0.85      0.76     22544
weighted avg       0.86      0.84      0.84     22544

[[8467  315   57   83  789]
 [   3 2156  224   17   21]
 [1155  213 5679   62  349]
 [   2    1    0  168   29]
 [  47   26    6  195 2480]]
