90
20201021_210756
0.8405340667139816
              precision    recall  f1-score   support

           0       0.85      0.92      0.88      9711
           1       0.77      0.85      0.81      2421
           2       0.95      0.75      0.84      7458
           3       0.23      0.89      0.36       200
           4       0.81      0.81      0.81      2754

    accuracy                           0.84     22544
   macro avg       0.72      0.84      0.74     22544
weighted avg       0.86      0.84      0.85     22544

[[8892  274   46   94  405]
 [   6 2066  230   42   77]
 [1134  325 5595  396    8]
 [   7    0    0  178   15]
 [ 448    3    5   80 2218]]
