86
20201021_120322
0.8406227821149752
              precision    recall  f1-score   support

           0       0.88      0.85      0.86      9711
           1       0.86      0.92      0.89      2421
           2       0.89      0.76      0.82      7458
           3       0.46      0.89      0.61       200
           4       0.69      0.96      0.81      2754

    accuracy                           0.84     22544
   macro avg       0.76      0.88      0.80     22544
weighted avg       0.85      0.84      0.84     22544

[[8246  287  507   91  580]
 [  10 2234  150   12   15]
 [1143   84 5639   25  567]
 [   0    0    0  177   23]
 [  13    3    6   77 2655]]
