34
20201021_222332
0.8406227821149752
              precision    recall  f1-score   support

           0       0.87      0.87      0.87      9711
           1       0.81      0.89      0.85      2421
           2       0.95      0.77      0.85      7458
           3       0.26      0.84      0.40       200
           4       0.69      0.88      0.77      2754

    accuracy                           0.84     22544
   macro avg       0.72      0.85      0.75     22544
weighted avg       0.86      0.84      0.85     22544

[[8469  311   81   85  765]
 [   2 2162  220   19   18]
 [1156  158 5734  121  289]
 [   1    1    0  168   30]
 [  59   25    8  244 2418]]
