106
20201021_131422
0.8406671398154719
              precision    recall  f1-score   support

           0       0.88      0.88      0.88      9711
           1       0.73      0.86      0.79      2421
           2       0.94      0.74      0.83      7458
           3       0.46      0.84      0.60       200
           4       0.71      0.97      0.82      2754

    accuracy                           0.84     22544
   macro avg       0.74      0.86      0.78     22544
weighted avg       0.86      0.84      0.84     22544

[[8506  409   80   95  621]
 [   8 2081  282   33   17]
 [1157  346 5536   14  405]
 [   0    0    0  168   32]
 [  25   11    3   54 2661]]
