114
20201021_091953
0.8406227821149752
              precision    recall  f1-score   support

           0       0.89      0.86      0.87      9711
           1       0.87      0.86      0.86      2421
           2       0.89      0.79      0.84      7458
           3       0.43      0.83      0.56       200
           4       0.66      0.89      0.76      2754

    accuracy                           0.84     22544
   macro avg       0.75      0.85      0.78     22544
weighted avg       0.85      0.84      0.84     22544

[[8332  242  541   81  515]
 [   1 2087  205   55   73]
 [ 822   68 5928    1  639]
 [   3    0    0  166   31]
 [ 218    8    5   85 2438]]
