70
20201021_092637
0.8407114975159687
              precision    recall  f1-score   support

           0       0.86      0.86      0.86      9711
           1       0.86      0.89      0.88      2421
           2       0.89      0.78      0.83      7458
           3       0.37      0.84      0.51       200
           4       0.73      0.88      0.80      2754

    accuracy                           0.84     22544
   macro avg       0.74      0.85      0.78     22544
weighted avg       0.85      0.84      0.84     22544

[[8397  233  541  107  433]
 [   1 2157  148   85   30]
 [1143  108 5798   10  399]
 [   6    0    0  168   26]
 [ 221    4    7   89 2433]]
