73
20201021_223042
0.8407114975159687
              precision    recall  f1-score   support

           0       0.88      0.85      0.86      9711
           1       0.81      0.90      0.85      2421
           2       0.89      0.76      0.82      7458
           3       0.54      0.85      0.66       200
           4       0.72      0.96      0.82      2754

    accuracy                           0.84     22544
   macro avg       0.77      0.87      0.80     22544
weighted avg       0.85      0.84      0.84     22544

[[8266  269  529   54  593]
 [  18 2178  187   15   23]
 [1142  236 5689    0  391]
 [   1    1    0  171   27]
 [  13    7    7   78 2649]]
