156
20201021_114639
0.8407114975159687
              precision    recall  f1-score   support

           0       0.86      0.87      0.87      9711
           1       0.73      0.87      0.79      2421
           2       0.95      0.77      0.85      7458
           3       0.53      0.83      0.65       200
           4       0.72      0.89      0.80      2754

    accuracy                           0.84     22544
   macro avg       0.76      0.85      0.79     22544
weighted avg       0.86      0.84      0.84     22544

[[8474  660   61   82  434]
 [  15 2105  223   16   62]
 [1147  121 5754    1  435]
 [   6    0    0  167   27]
 [ 238    7    6   50 2453]]
