29
20201021_111719
0.8407558552164656
              precision    recall  f1-score   support

           0       0.88      0.87      0.88      9711
           1       0.79      0.83      0.81      2421
           2       0.97      0.77      0.86      7458
           3       0.37      0.76      0.50       200
           4       0.63      0.94      0.76      2754

    accuracy                           0.84     22544
   macro avg       0.73      0.83      0.76     22544
weighted avg       0.87      0.84      0.85     22544

[[8476  351   29  116  739]
 [   2 2001  142   22  254]
 [1092  145 5724   13  484]
 [   0   16    0  151   33]
 [  13   24    9  106 2602]]
