43
20201021_212821
0.840888928317956
              precision    recall  f1-score   support

           0       0.87      0.86      0.87      9711
           1       0.82      0.92      0.87      2421
           2       0.91      0.77      0.83      7458
           3       0.26      0.81      0.39       200
           4       0.74      0.90      0.81      2754

    accuracy                           0.84     22544
   macro avg       0.72      0.85      0.76     22544
weighted avg       0.86      0.84      0.85     22544

[[8359  330  425  105  492]
 [   5 2239  127   39   11]
 [1143  115 5712  151  337]
 [   1   16    0  163   20]
 [  81   15    6  168 2484]]
