72
20201021_093202
0.8408002129169624
              precision    recall  f1-score   support

           0       0.88      0.84      0.86      9711
           1       0.85      0.93      0.89      2421
           2       0.89      0.77      0.83      7458
           3       0.43      0.88      0.58       200
           4       0.70      0.94      0.81      2754

    accuracy                           0.84     22544
   macro avg       0.75      0.87      0.79     22544
weighted avg       0.85      0.84      0.84     22544

[[8168  267  577   91  608]
 [   1 2255  130   16   19]
 [1141  114 5758    1  444]
 [   0    0    0  176   24]
 [  16    6    7  127 2598]]
