81
20201021_120256
0.8409332860184529
              precision    recall  f1-score   support

           0       0.88      0.85      0.86      9711
           1       0.86      0.92      0.89      2421
           2       0.90      0.76      0.82      7458
           3       0.46      0.88      0.60       200
           4       0.69      0.96      0.81      2754

    accuracy                           0.84     22544
   macro avg       0.76      0.87      0.80     22544
weighted avg       0.85      0.84      0.84     22544

[[8243  290  506   92  580]
 [   8 2238  146   12   17]
 [1143   84 5647   24  560]
 [   0    0    0  176   24]
 [  13    3    6   78 2654]]
