35
20201021_115018
0.8409332860184529
              precision    recall  f1-score   support

           0       0.90      0.84      0.87      9711
           1       0.79      0.93      0.86      2421
           2       0.91      0.77      0.83      7458
           3       0.46      0.89      0.61       200
           4       0.66      0.96      0.78      2754

    accuracy                           0.84     22544
   macro avg       0.75      0.88      0.79     22544
weighted avg       0.86      0.84      0.84     22544

[[8155  272  465   94  725]
 [   1 2241  125   22   32]
 [ 856  291 5740    4  567]
 [   0    0    0  178   22]
 [   7   17    1   85 2644]]
