93
20201021_110233
0.8410220014194464
              precision    recall  f1-score   support

           0       0.88      0.85      0.86      9711
           1       0.72      0.86      0.78      2421
           2       0.87      0.78      0.82      7458
           3       0.54      0.84      0.66       200
           4       0.80      0.97      0.88      2754

    accuracy                           0.84     22544
   macro avg       0.76      0.86      0.80     22544
weighted avg       0.85      0.84      0.84     22544

[[8254  265  530   65  597]
 [   3 2077  305   14   22]
 [1122  533 5803    0    0]
 [   1    1    0  168   30]
 [  11    9   12   64 2658]]
