55
20201021_094715
0.8411994322214337
              precision    recall  f1-score   support

           0       0.87      0.90      0.88      9711
           1       0.80      0.92      0.86      2421
           2       0.96      0.74      0.84      7458
           3       0.15      0.88      0.26       200
           4       0.83      0.81      0.82      2754

    accuracy                           0.84     22544
   macro avg       0.72      0.85      0.73     22544
weighted avg       0.88      0.84      0.85     22544

[[8779  280   86  143  423]
 [   9 2228  148   35    1]
 [1147  243 5549  519    0]
 [   7    0    0  175   18]
 [ 202   30    4  285 2233]]
