31
20201021_085527
0.8411550745209369
              precision    recall  f1-score   support

           0       0.87      0.90      0.89      9711
           1       0.82      0.86      0.84      2421
           2       0.95      0.73      0.83      7458
           3       0.31      0.80      0.44       200
           4       0.68      0.89      0.77      2754

    accuracy                           0.84     22544
   macro avg       0.73      0.84      0.75     22544
weighted avg       0.86      0.84      0.84     22544

[[8780  265   28  113  525]
 [   1 2084  245   81   10]
 [1148  179 5475   51  605]
 [   8    0    0  160   32]
 [ 172    2    0  116 2464]]
