53
20201021_132327
0.8412437899219305
              precision    recall  f1-score   support

           0       0.87      0.85      0.86      9711
           1       0.71      0.91      0.80      2421
           2       0.97      0.77      0.86      7458
           3       0.27      0.84      0.41       200
           4       0.75      0.95      0.84      2754

    accuracy                           0.84     22544
   macro avg       0.72      0.86      0.75     22544
weighted avg       0.87      0.84      0.85     22544

[[8230  767   21  133  560]
 [  10 2194  169   34   14]
 [1143  121 5763  181  250]
 [   1    1    0  169   29]
 [  29    7    1  108 2609]]
