48
20201021_095830
0.8412881476224272
              precision    recall  f1-score   support

           0       0.88      0.89      0.88      9711
           1       0.78      0.89      0.83      2421
           2       0.96      0.72      0.83      7458
           3       0.33      0.88      0.48       200
           4       0.68      0.95      0.79      2754

    accuracy                           0.84     22544
   macro avg       0.73      0.87      0.76     22544
weighted avg       0.87      0.84      0.84     22544

[[8644  349    2   88  628]
 [   1 2144  198   40   38]
 [1158  239 5383  128  550]
 [   1    0    0  176   23]
 [  20   19    0   96 2619]]
