33
20201021_114352
0.8414655784244145
              precision    recall  f1-score   support

           0       0.88      0.89      0.88      9711
           1       0.82      0.84      0.83      2421
           2       0.96      0.74      0.84      7458
           3       0.20      0.83      0.33       200
           4       0.71      0.95      0.81      2754

    accuracy                           0.84     22544
   macro avg       0.72      0.85      0.74     22544
weighted avg       0.87      0.84      0.85     22544

[[8611  238  196   84  582]
 [  21 2025   18  104  253]
 [1161  190 5546  356  205]
 [   2    1    0  167   30]
 [  20    4    4  105 2621]]
