46
20201021_104852
0.8415099361249113
              precision    recall  f1-score   support

           0       0.84      0.91      0.87      9711
           1       0.78      0.88      0.83      2421
           2       0.95      0.77      0.85      7458
           3       0.43      0.83      0.56       200
           4       0.73      0.78      0.75      2754

    accuracy                           0.84     22544
   macro avg       0.75      0.83      0.77     22544
weighted avg       0.85      0.84      0.84     22544

[[8835  288   66  128  394]
 [  10 2119  247   22   23]
 [1135  258 5714   15  336]
 [   7    0    0  166   27]
 [ 516   39    4   58 2137]]
