33
20201021_125450
0.8415542938254081
              precision    recall  f1-score   support

           0       0.86      0.89      0.88      9711
           1       0.79      0.87      0.83      2421
           2       0.96      0.74      0.84      7458
           3       0.46      0.85      0.60       200
           4       0.67      0.91      0.77      2754

    accuracy                           0.84     22544
   macro avg       0.75      0.85      0.78     22544
weighted avg       0.86      0.84      0.84     22544

[[8658  407   25   86  535]
 [   7 2101  198   58   57]
 [1164  153 5539    3  599]
 [   0    0    0  170   30]
 [ 187    7    2   54 2504]]
