158
20201021_114636
0.8415099361249113
              precision    recall  f1-score   support

           0       0.90      0.87      0.88      9711
           1       0.76      0.84      0.80      2421
           2       0.92      0.78      0.84      7458
           3       0.28      0.89      0.42       200
           4       0.70      0.93      0.80      2754

    accuracy                           0.84     22544
   macro avg       0.71      0.86      0.75     22544
weighted avg       0.86      0.84      0.85     22544

[[8424  249  347  114  577]
 [   7 2028  127   57  202]
 [ 886  388 5792  122  270]
 [   1    0    0  178   21]
 [  18    5   11  171 2549]]
