164
20201021_122240
0.8415986515259049
              precision    recall  f1-score   support

           0       0.89      0.85      0.87      9711
           1       0.68      0.87      0.76      2421
           2       0.96      0.78      0.86      7458
           3       0.37      0.89      0.52       200
           4       0.73      0.95      0.82      2754

    accuracy                           0.84     22544
   macro avg       0.72      0.87      0.77     22544
weighted avg       0.87      0.84      0.85     22544

[[8261  744   61  113  532]
 [  10 2106  163   95   47]
 [ 996  238 5803   31  390]
 [   2    0    0  177   21]
 [  45   12    4   67 2626]]
