54
20201021_112649
0.8415986515259049
              precision    recall  f1-score   support

           0       0.88      0.89      0.89      9711
           1       0.81      0.84      0.83      2421
           2       0.95      0.74      0.83      7458
           3       0.28      0.89      0.42       200
           4       0.69      0.94      0.79      2754

    accuracy                           0.84     22544
   macro avg       0.72      0.86      0.75     22544
weighted avg       0.87      0.84      0.85     22544

[[8663  267   60  100  621]
 [  14 2040  203   62  102]
 [1145  202 5508  176  427]
 [   5    0    0  177   18]
 [  32    7    3  127 2585]]
