31
20201021_124317
0.8415986515259049
              precision    recall  f1-score   support

           0       0.86      0.86      0.86      9711
           1       0.85      0.90      0.87      2421
           2       0.91      0.78      0.84      7458
           3       0.45      0.82      0.58       200
           4       0.71      0.90      0.79      2754

    accuracy                           0.84     22544
   macro avg       0.75      0.85      0.79     22544
weighted avg       0.85      0.84      0.84     22544

[[8364  328  384   95  540]
 [   0 2176  197   31   17]
 [1162   50 5798   21  427]
 [   4    1    1  164   30]
 [ 217   10    1   55 2471]]
