115
20201021_122309
0.8416873669268985
              precision    recall  f1-score   support

           0       0.85      0.89      0.87      9711
           1       0.78      0.86      0.82      2421
           2       0.96      0.77      0.86      7458
           3       0.34      0.89      0.49       200
           4       0.73      0.84      0.78      2754

    accuracy                           0.84     22544
   macro avg       0.73      0.85      0.76     22544
weighted avg       0.86      0.84      0.85     22544

[[8644  451   64  140  412]
 [  11 2094  155  118   43]
 [1144  145 5747   21  401]
 [   2    1    0  177   20]
 [ 369    7    1   64 2313]]
