48
20201021_112619
0.8416430092264017
              precision    recall  f1-score   support

           0       0.88      0.89      0.88      9711
           1       0.82      0.84      0.83      2421
           2       0.96      0.74      0.83      7458
           3       0.27      0.88      0.41       200
           4       0.69      0.94      0.79      2754

    accuracy                           0.84     22544
   macro avg       0.72      0.86      0.75     22544
weighted avg       0.87      0.84      0.85     22544

[[8643  270   57  101  640]
 [  12 2044  199   62  104]
 [1144  179 5524  185  426]
 [  11    0    0  175   14]
 [  32    7    3  124 2588]]
