105
20201021_195904
0.8417760823278921
              precision    recall  f1-score   support

           0       0.86      0.86      0.86      9711
           1       0.80      0.91      0.85      2421
           2       0.90      0.83      0.86      7458
           3       0.45      0.80      0.57       200
           4       0.71      0.78      0.74      2754

    accuracy                           0.84     22544
   macro avg       0.75      0.83      0.78     22544
weighted avg       0.85      0.84      0.84     22544

[[8311  356  520   77  447]
 [  26 2195  125   29   46]
 [ 748  168 6163   38  341]
 [   1    0    7  159   33]
 [ 528   18    6   53 2149]]
