26
20201021_111704
0.8417760823278921
              precision    recall  f1-score   support

           0       0.88      0.87      0.88      9711
           1       0.79      0.83      0.81      2421
           2       0.97      0.77      0.86      7458
           3       0.37      0.76      0.49       200
           4       0.64      0.94      0.76      2754

    accuracy                           0.84     22544
   macro avg       0.73      0.84      0.76     22544
weighted avg       0.87      0.84      0.85     22544

[[8482  355   29  117  728]
 [   2 2020  137   23  239]
 [1107  144 5725   15  467]
 [   0   16    0  152   32]
 [  13   25    9  109 2598]]
