15
20201021_121851
0.8418647977288858
              precision    recall  f1-score   support

           0       0.87      0.89      0.88      9711
           1       0.74      0.93      0.83      2421
           2       0.97      0.73      0.84      7458
           3       0.45      0.86      0.59       200
           4       0.69      0.90      0.78      2754

    accuracy                           0.84     22544
   macro avg       0.74      0.86      0.78     22544
weighted avg       0.86      0.84      0.84     22544

[[8595  376   18   85  637]
 [   2 2245  142   24    8]
 [1143  366 5479    2  468]
 [   0    0    0  172   28]
 [ 128   28    7  103 2488]]
