18
20201021_205432
0.8419978708303761
              precision    recall  f1-score   support

           0       0.85      0.91      0.88      9711
           1       0.81      0.83      0.82      2421
           2       0.93      0.76      0.84      7458
           3       0.42      0.84      0.56       200
           4       0.71      0.84      0.77      2754

    accuracy                           0.84     22544
   macro avg       0.74      0.84      0.77     22544
weighted avg       0.85      0.84      0.84     22544

[[8813  280   65  125  428]
 [   5 2016  360   19   21]
 [1145  191 5679    0  443]
 [   2    0    0  169   29]
 [ 343    8    4   94 2305]]
