64
20201021_222853
0.8419978708303761
              precision    recall  f1-score   support

           0       0.87      0.86      0.86      9711
           1       0.85      0.92      0.88      2421
           2       0.88      0.82      0.85      7458
           3       0.46      0.77      0.57       200
           4       0.71      0.79      0.74      2754

    accuracy                           0.84     22544
   macro avg       0.75      0.83      0.78     22544
weighted avg       0.85      0.84      0.84     22544

[[8344  274  575   81  437]
 [   7 2238  115   24   37]
 [ 882   84 6081    7  404]
 [  11   16    0  154   19]
 [ 348   32  139   70 2165]]
