69
20201021_121030
0.842042228530873
              precision    recall  f1-score   support

           0       0.84      0.90      0.87      9711
           1       0.81      0.91      0.86      2421
           2       0.95      0.76      0.85      7458
           3       0.48      0.82      0.61       200
           4       0.70      0.79      0.74      2754

    accuracy                           0.84     22544
   macro avg       0.76      0.84      0.78     22544
weighted avg       0.85      0.84      0.84     22544

[[8753  316  106   67  469]
 [   2 2206  177   20   16]
 [1147  208 5689    0  414]
 [   2    0    0  165   33]
 [ 486    6    0   92 2170]]
