72
20201021_223021
0.842042228530873
              precision    recall  f1-score   support

           0       0.88      0.86      0.87      9711
           1       0.85      0.92      0.88      2421
           2       0.87      0.82      0.84      7458
           3       0.45      0.77      0.57       200
           4       0.71      0.79      0.74      2754

    accuracy                           0.84     22544
   macro avg       0.75      0.83      0.78     22544
weighted avg       0.85      0.84      0.84     22544

[[8334  273  590   91  423]
 [   7 2237  109   24   44]
 [ 855   89 6093    7  414]
 [  11   16    0  154   19]
 [ 267   31  222   69 2165]]
