43
20201021_095805
0.8422196593328601
              precision    recall  f1-score   support

           0       0.88      0.89      0.89      9711
           1       0.78      0.89      0.83      2421
           2       0.96      0.72      0.83      7458
           3       0.34      0.87      0.49       200
           4       0.68      0.95      0.79      2754

    accuracy                           0.84     22544
   macro avg       0.73      0.86      0.76     22544
weighted avg       0.87      0.84      0.85     22544

[[8668  355    6   83  599]
 [   1 2144  202   39   35]
 [1157  225 5398  127  551]
 [   1    0    0  174   25]
 [  39   18    0   94 2603]]
