146
20201021_200150
0.8423527324343506
              precision    recall  f1-score   support

           0       0.86      0.85      0.86      9711
           1       0.81      0.91      0.86      2421
           2       0.90      0.83      0.87      7458
           3       0.43      0.78      0.56       200
           4       0.71      0.78      0.75      2754

    accuracy                           0.84     22544
   macro avg       0.74      0.83      0.78     22544
weighted avg       0.85      0.84      0.84     22544

[[8277  354  561   80  439]
 [  25 2205  103   39   49]
 [ 744  135 6205   32  342]
 [   1    0   10  155   34]
 [ 525   20    9   52 2148]]
