63
20201021_100806
0.8423527324343506
              precision    recall  f1-score   support

           0       0.86      0.89      0.88      9711
           1       0.81      0.90      0.85      2421
           2       0.92      0.76      0.83      7458
           3       0.27      0.85      0.41       200
           4       0.76      0.84      0.79      2754

    accuracy                           0.84     22544
   macro avg       0.72      0.85      0.75     22544
weighted avg       0.86      0.84      0.85     22544

[[8689  248  259   91  424]
 [   5 2177  198   36    5]
 [1142  246 5647  131  292]
 [   1    1    0  171   27]
 [ 228   12    7  201 2306]]
