15
20201021_205410
0.8424858055358411
              precision    recall  f1-score   support

           0       0.88      0.89      0.89      9711
           1       0.72      0.87      0.78      2421
           2       0.94      0.73      0.82      7458
           3       0.47      0.81      0.59       200
           4       0.71      0.95      0.81      2754

    accuracy                           0.84     22544
   macro avg       0.74      0.85      0.78     22544
weighted avg       0.86      0.84      0.84     22544

[[8685  330   41   57  598]
 [   5 2100  272   32   12]
 [1107  471 5439   11  430]
 [   2    1    0  161   36]
 [  26   32    5   83 2608]]
