103
20201021_135050
0.8424414478353442
              precision    recall  f1-score   support

           0       0.88      0.88      0.88      9711
           1       0.83      0.82      0.82      2421
           2       0.94      0.76      0.84      7458
           3       0.42      0.86      0.56       200
           4       0.66      0.96      0.78      2754

    accuracy                           0.84     22544
   macro avg       0.75      0.85      0.78     22544
weighted avg       0.86      0.84      0.85     22544

[[8560  266   84  134  667]
 [   8 1986  288   34  105]
 [1141  141 5643    0  533]
 [   0    1    1  172   26]
 [  43    6    5   69 2631]]
