13
20201021_221935
0.8425301632363378
              precision    recall  f1-score   support

           0       0.86      0.89      0.87      9711
           1       0.85      0.90      0.88      2421
           2       0.96      0.77      0.86      7458
           3       0.28      0.84      0.42       200
           4       0.68      0.82      0.74      2754

    accuracy                           0.84     22544
   macro avg       0.73      0.85      0.75     22544
weighted avg       0.86      0.84      0.85     22544

[[8608  278   72  167  586]
 [   0 2191  126   98    6]
 [1142   89 5779   27  421]
 [   2    1    0  169   28]
 [ 315   27   14  151 2247]]
