73
20201021_140107
0.8425745209368346
              precision    recall  f1-score   support

           0       0.88      0.89      0.89      9711
           1       0.77      0.92      0.84      2421
           2       0.98      0.70      0.82      7458
           3       0.43      0.87      0.58       200
           4       0.65      0.97      0.78      2754

    accuracy                           0.84     22544
   macro avg       0.74      0.87      0.78     22544
weighted avg       0.87      0.84      0.84     22544

[[8687  277    6  107  634]
 [   8 2225   76   33   79]
 [1151  366 5250   16  675]
 [   0    0    0  174   26]
 [  11    6    3   75 2659]]
