54
20201021_093034
0.8426632363378282
              precision    recall  f1-score   support

           0       0.88      0.84      0.86      9711
           1       0.87      0.93      0.90      2421
           2       0.89      0.78      0.83      7458
           3       0.51      0.87      0.64       200
           4       0.69      0.96      0.80      2754

    accuracy                           0.84     22544
   macro avg       0.77      0.87      0.81     22544
weighted avg       0.85      0.84      0.84     22544

[[8118  273  577   59  684]
 [   0 2262  126   16   17]
 [1142   57 5812    1  446]
 [   0    0    0  174   26]
 [  16    5    9   93 2631]]
