47
20201021_212922
0.8426632363378282
              precision    recall  f1-score   support

           0       0.88      0.88      0.88      9711
           1       0.75      0.91      0.82      2421
           2       0.93      0.73      0.82      7458
           3       0.52      0.82      0.63       200
           4       0.71      0.96      0.82      2754

    accuracy                           0.84     22544
   macro avg       0.76      0.86      0.79     22544
weighted avg       0.86      0.84      0.84     22544

[[8558  278  226   62  587]
 [   3 2212  158   14   34]
 [1140  444 5420   27  427]
 [   3    0    0  164   33]
 [  33   24    4   50 2643]]
