41
20201021_130916
0.8426632363378282
              precision    recall  f1-score   support

           0       0.89      0.87      0.88      9711
           1       0.78      0.86      0.82      2421
           2       0.94      0.76      0.84      7458
           3       0.56      0.82      0.66       200
           4       0.65      0.96      0.78      2754

    accuracy                           0.84     22544
   macro avg       0.76      0.85      0.80     22544
weighted avg       0.86      0.84      0.85     22544

[[8437  342   76   63  793]
 [   5 2088  289   27   12]
 [1016  218 5651    0  573]
 [   0    0    0  164   36]
 [  27   25    5   40 2657]]
