97
20201021_131340
0.8427075940383251
              precision    recall  f1-score   support

           0       0.88      0.88      0.88      9711
           1       0.75      0.86      0.80      2421
           2       0.94      0.74      0.83      7458
           3       0.47      0.83      0.60       200
           4       0.71      0.97      0.82      2754

    accuracy                           0.84     22544
   macro avg       0.75      0.86      0.79     22544
weighted avg       0.86      0.84      0.84     22544

[[8540  356   79   95  641]
 [   8 2085  280   32   16]
 [1161  333 5546    9  409]
 [   0    0    0  167   33]
 [  27   12    2   53 2660]]
