52
20201021_120024
0.8427075940383251
              precision    recall  f1-score   support

           0       0.88      0.85      0.86      9711
           1       0.86      0.93      0.90      2421
           2       0.89      0.76      0.82      7458
           3       0.49      0.85      0.62       200
           4       0.69      0.96      0.81      2754

    accuracy                           0.84     22544
   macro avg       0.76      0.87      0.80     22544
weighted avg       0.85      0.84      0.84     22544

[[8239  278  528   86  580]
 [   8 2256  132   14   11]
 [1143   78 5680    0  557]
 [   1    0    0  170   29]
 [  16    4    7   74 2653]]
