38
20201021_222410
0.8427963094393187
              precision    recall  f1-score   support

           0       0.87      0.86      0.87      9711
           1       0.83      0.93      0.88      2421
           2       0.94      0.76      0.84      7458
           3       0.27      0.86      0.41       200
           4       0.71      0.92      0.80      2754

    accuracy                           0.84     22544
   macro avg       0.73      0.87      0.76     22544
weighted avg       0.86      0.84      0.85     22544

[[8377  287  315  140  592]
 [   0 2256   72   88    5]
 [1143  115 5652  120  428]
 [   2    0    0  172   26]
 [  52   44    3  112 2543]]
