22
20201021_082948
0.8427519517388219
              precision    recall  f1-score   support

           0       0.88      0.89      0.89      9711
           1       0.79      0.90      0.84      2421
           2       0.95      0.73      0.83      7458
           3       0.24      0.86      0.37       200
           4       0.72      0.91      0.81      2754

    accuracy                           0.84     22544
   macro avg       0.72      0.86      0.75     22544
weighted avg       0.87      0.84      0.85     22544

[[8673  246   87  192  513]
 [   0 2175  193   33   20]
 [1150  307 5463  137  401]
 [   1    0    0  173   26]
 [  12   25    4  198 2515]]
