152
20201021_091542
0.8428406671398154
              precision    recall  f1-score   support

           0       0.85      0.92      0.88      9711
           1       0.78      0.91      0.84      2421
           2       0.96      0.73      0.83      7458
           3       0.53      0.88      0.66       200
           4       0.69      0.83      0.76      2754

    accuracy                           0.84     22544
   macro avg       0.76      0.85      0.79     22544
weighted avg       0.86      0.84      0.84     22544

[[8898  275   75   63  400]
 [   4 2209  175   19   14]
 [1137  308 5425   12  576]
 [   0    0    0  175   25]
 [ 373   27    0   60 2294]]
