110
20201021_135124
0.8428850248403122
              precision    recall  f1-score   support

           0       0.88      0.88      0.88      9711
           1       0.82      0.82      0.82      2421
           2       0.94      0.76      0.84      7458
           3       0.43      0.87      0.57       200
           4       0.67      0.96      0.79      2754

    accuracy                           0.84     22544
   macro avg       0.75      0.86      0.78     22544
weighted avg       0.86      0.84      0.85     22544

[[8579  265   81  135  651]
 [  11 1978  287   35  110]
 [1144  153 5637    0  524]
 [   0    1    0  174   25]
 [  45    6    4   65 2634]]
