14
20201021_133210
0.8428850248403122
              precision    recall  f1-score   support

           0       0.87      0.90      0.88      9711
           1       0.76      0.83      0.79      2421
           2       0.95      0.78      0.86      7458
           3       0.46      0.78      0.58       200
           4       0.68      0.81      0.74      2754

    accuracy                           0.84     22544
   macro avg       0.74      0.82      0.77     22544
weighted avg       0.86      0.84      0.85     22544

[[8785  313   21  110  482]
 [   5 2011  308   15   82]
 [ 900  271 5832    9  446]
 [   4   15    0  156   25]
 [ 450   31    7   48 2218]]
