108
20201021_093455
0.8428406671398154
              precision    recall  f1-score   support

           0       0.88      0.84      0.86      9711
           1       0.87      0.93      0.90      2421
           2       0.89      0.77      0.83      7458
           3       0.38      0.88      0.53       200
           4       0.71      0.94      0.81      2754

    accuracy                           0.84     22544
   macro avg       0.75      0.87      0.79     22544
weighted avg       0.86      0.84      0.84     22544

[[8197  242  570  107  595]
 [   4 2263  118   28    8]
 [1141   94 5776   11  436]
 [   0    8    0  175   17]
 [  12    7    6  139 2590]]
