64
20201021_111638
0.8428406671398154
              precision    recall  f1-score   support

           0       0.85      0.91      0.88      9711
           1       0.85      0.94      0.89      2421
           2       0.96      0.75      0.84      7458
           3       0.30      0.83      0.44       200
           4       0.71      0.78      0.74      2754

    accuracy                           0.84     22544
   macro avg       0.73      0.84      0.76     22544
weighted avg       0.86      0.84      0.85     22544

[[8820  274  116  109  392]
 [  10 2269  131    3    8]
 [1143   85 5584  166  480]
 [   0   17    0  167   16]
 [ 452   24    5  112 2161]]
