53
20201021_120030
0.8428850248403122
              precision    recall  f1-score   support

           0       0.88      0.85      0.86      9711
           1       0.86      0.93      0.90      2421
           2       0.90      0.76      0.82      7458
           3       0.50      0.85      0.63       200
           4       0.69      0.96      0.81      2754

    accuracy                           0.84     22544
   macro avg       0.76      0.87      0.80     22544
weighted avg       0.86      0.84      0.84     22544

[[8240  278  527   86  580]
 [   8 2257  131   13   12]
 [1143   78 5680    1  556]
 [   1    0    0  171   28]
 [  15    3    8   74 2654]]
