113
20201021_211048
0.8429293825408091
              precision    recall  f1-score   support

           0       0.83      0.93      0.88      9711
           1       0.76      0.93      0.84      2421
           2       0.97      0.74      0.84      7458
           3       0.57      0.84      0.68       200
           4       0.74      0.75      0.74      2754

    accuracy                           0.84     22544
   macro avg       0.78      0.84      0.80     22544
weighted avg       0.86      0.84      0.84     22544

[[9015  287   43   78  288]
 [  25 2246  135   11    4]
 [1136  402 5511    0  409]
 [   4    0    0  169   27]
 [ 644    9    3   36 2062]]
