52
20201021_130706
0.8430180979418027
              precision    recall  f1-score   support

           0       0.86      0.91      0.89      9711
           1       0.73      0.96      0.83      2421
           2       0.99      0.70      0.82      7458
           3       0.38      0.83      0.53       200
           4       0.72      0.90      0.80      2754

    accuracy                           0.84     22544
   macro avg       0.74      0.86      0.77     22544
weighted avg       0.87      0.84      0.84     22544

[[8800  333   40   47  491]
 [   3 2325   38   17   38]
 [1145  502 5245  152  414]
 [   6    0    0  167   27]
 [ 220   12    1   53 2468]]
