71
20201021_124638
0.8430180979418027
              precision    recall  f1-score   support

           0       0.86      0.86      0.86      9711
           1       0.83      0.93      0.88      2421
           2       0.91      0.78      0.84      7458
           3       0.46      0.84      0.60       200
           4       0.73      0.90      0.80      2754

    accuracy                           0.84     22544
   macro avg       0.76      0.86      0.79     22544
weighted avg       0.85      0.84      0.84     22544

[[8322  316  455   86  532]
 [   1 2253  114   31   22]
 [1156  142 5785   27  348]
 [   2    1    1  169   27]
 [ 210   12    3   53 2476]]
