52
20201021_112802
0.8431511710432931
              precision    recall  f1-score   support

           0       0.86      0.86      0.86      9711
           1       0.87      0.94      0.90      2421
           2       0.90      0.78      0.83      7458
           3       0.45      0.87      0.59       200
           4       0.72      0.88      0.79      2754

    accuracy                           0.84     22544
   macro avg       0.76      0.86      0.80     22544
weighted avg       0.85      0.84      0.84     22544

[[8367  239  519  104  482]
 [  10 2268  115   10   18]
 [1144  107 5782    1  424]
 [   5    0    0  174   21]
 [ 229    5    7   96 2417]]
