17
20201021_093406
0.8431511710432931
              precision    recall  f1-score   support

           0       0.89      0.88      0.88      9711
           1       0.81      0.86      0.84      2421
           2       0.94      0.77      0.85      7458
           3       0.29      0.80      0.43       200
           4       0.67      0.91      0.77      2754

    accuracy                           0.84     22544
   macro avg       0.72      0.84      0.75     22544
weighted avg       0.87      0.84      0.85     22544

[[8520  291  111  102  687]
 [   1 2077  239   62   42]
 [1037  150 5757   58  456]
 [   0    3    0  160   37]
 [  57   30    9  164 2494]]
