40
20201021_103953
0.8431068133427964
              precision    recall  f1-score   support

           0       0.85      0.89      0.87      9711
           1       0.77      0.90      0.83      2421
           2       0.97      0.75      0.84      7458
           3       0.53      0.85      0.65       200
           4       0.71      0.90      0.79      2754

    accuracy                           0.84     22544
   macro avg       0.76      0.86      0.80     22544
weighted avg       0.86      0.84      0.84     22544

[[8613  497   23   44  534]
 [   9 2184  163   54   11]
 [1322  134 5562    0  440]
 [   7    0    0  171   22]
 [ 191   30    2   54 2477]]
