69
20201021_140047
0.8431955287437899
              precision    recall  f1-score   support

           0       0.88      0.90      0.89      9711
           1       0.78      0.92      0.84      2421
           2       0.98      0.70      0.82      7458
           3       0.43      0.87      0.58       200
           4       0.65      0.97      0.78      2754

    accuracy                           0.84     22544
   macro avg       0.75      0.87      0.78     22544
weighted avg       0.87      0.84      0.85     22544

[[8696  277    6  105  627]
 [   6 2226   76   33   80]
 [1151  358 5255   18  676]
 [   0    0    0  174   26]
 [  13    6    2   75 2658]]
