64
20201021_140023
0.8431955287437899
              precision    recall  f1-score   support

           0       0.88      0.90      0.89      9711
           1       0.77      0.92      0.84      2421
           2       0.98      0.70      0.82      7458
           3       0.43      0.86      0.58       200
           4       0.66      0.96      0.78      2754

    accuracy                           0.84     22544
   macro avg       0.75      0.87      0.78     22544
weighted avg       0.87      0.84      0.84     22544

[[8724  279    5  106  597]
 [   6 2232   79   30   74]
 [1152  377 5232   17  680]
 [   0    0    0  173   27]
 [  24    6    1   75 2648]]
