50
20201021_112749
0.8432842441447835
              precision    recall  f1-score   support

           0       0.86      0.86      0.86      9711
           1       0.87      0.94      0.90      2421
           2       0.90      0.78      0.83      7458
           3       0.46      0.87      0.60       200
           4       0.72      0.88      0.79      2754

    accuracy                           0.84     22544
   macro avg       0.76      0.86      0.80     22544
weighted avg       0.85      0.84      0.84     22544

[[8365  238  521  103  484]
 [  10 2271  113    9   18]
 [1144  108 5781    1  424]
 [   5    0    0  174   21]
 [ 228    6    5   95 2420]]
