47
20201021_111438
0.8432398864442867
              precision    recall  f1-score   support

           0       0.85      0.90      0.88      9711
           1       0.85      0.94      0.89      2421
           2       0.96      0.75      0.84      7458
           3       0.30      0.85      0.44       200
           4       0.69      0.80      0.74      2754

    accuracy                           0.84     22544
   macro avg       0.73      0.85      0.76     22544
weighted avg       0.86      0.84      0.85     22544

[[8775  290   78  127  441]
 [  11 2279  125    3    3]
 [1101   81 5591  156  529]
 [   0   14    0  170   16]
 [ 415   26    5  113 2195]]
