106
20201021_135105
0.8432398864442867
              precision    recall  f1-score   support

           0       0.88      0.88      0.88      9711
           1       0.83      0.82      0.82      2421
           2       0.94      0.76      0.84      7458
           3       0.42      0.86      0.57       200
           4       0.67      0.96      0.79      2754

    accuracy                           0.84     22544
   macro avg       0.75      0.86      0.78     22544
weighted avg       0.86      0.84      0.85     22544

[[8577  266   82  135  651]
 [  10 1983  286   35  107]
 [1142  147 5641    0  528]
 [   0    1    1  173   25]
 [  41    6    5   66 2636]]
