75
20201021_141339
0.8432398864442867
              precision    recall  f1-score   support

           0       0.88      0.91      0.89      9711
           1       0.75      0.92      0.82      2421
           2       0.95      0.73      0.82      7458
           3       0.17      0.87      0.29       200
           4       0.84      0.87      0.86      2754

    accuracy                           0.84     22544
   macro avg       0.72      0.86      0.74     22544
weighted avg       0.88      0.84      0.85     22544

[[8790  268   96  139  418]
 [   2 2225  171   15    8]
 [1145  472 5425  416    0]
 [   5    0    0  174   21]
 [  92   11    4  251 2396]]
