200
20201021_090042
0.8433729595457772
              precision    recall  f1-score   support

           0       0.85      0.86      0.85      9711
           1       0.82      0.91      0.86      2421
           2       0.88      0.77      0.82      7458
           3       0.46      0.91      0.61       200
           4       0.82      0.90      0.86      2754

    accuracy                           0.84     22544
   macro avg       0.77      0.87      0.80     22544
weighted avg       0.85      0.84      0.84     22544

[[8386  279  549   65  432]
 [   5 2205  195   10    6]
 [1346  196 5752   65   99]
 [   2    0    0  182   16]
 [ 177    6    6   77 2488]]
