70
20201021_213322
0.8433286018452804
              precision    recall  f1-score   support

           0       0.85      0.93      0.89      9711
           1       0.82      0.75      0.78      2421
           2       0.95      0.77      0.85      7458
           3       0.23      0.83      0.37       200
           4       0.76      0.83      0.79      2754

    accuracy                           0.84     22544
   macro avg       0.72      0.82      0.74     22544
weighted avg       0.86      0.84      0.85     22544

[[9018  296   48   55  294]
 [  67 1817  229   26  282]
 [1146  109 5727  336  140]
 [  13    0    0  167   20]
 [ 334    6    4  127 2283]]
