98
20201021_093408
0.843417317246274
              precision    recall  f1-score   support

           0       0.88      0.84      0.86      9711
           1       0.87      0.94      0.90      2421
           2       0.89      0.78      0.83      7458
           3       0.41      0.90      0.56       200
           4       0.71      0.94      0.81      2754

    accuracy                           0.84     22544
   macro avg       0.75      0.88      0.79     22544
weighted avg       0.86      0.84      0.85     22544

[[8190  245  576   98  602]
 [   3 2269  118   22    9]
 [1141   87 5783    7  440]
 [   0    0    0  180   20]
 [  14    5    7  136 2592]]
