24
20201021_091956
0.843417317246274
              precision    recall  f1-score   support

           0       0.86      0.91      0.88      9711
           1       0.85      0.92      0.88      2421
           2       0.97      0.75      0.85      7458
           3       0.20      0.88      0.33       200
           4       0.72      0.79      0.75      2754

    accuracy                           0.84     22544
   macro avg       0.72      0.85      0.74     22544
weighted avg       0.87      0.84      0.85     22544

[[8816  261   32  322  280]
 [   4 2229  142   20   26]
 [1163  122 5629   45  499]
 [   0    1    0  176   23]
 [ 273    9    9  299 2164]]
