13
20201021_090223
0.8435947480482612
              precision    recall  f1-score   support

           0       0.87      0.86      0.86      9711
           1       0.69      0.89      0.78      2421
           2       0.97      0.83      0.89      7458
           3       0.38      0.85      0.53       200
           4       0.72      0.79      0.75      2754

    accuracy                           0.84     22544
   macro avg       0.73      0.84      0.76     22544
weighted avg       0.86      0.84      0.85     22544

[[8332  833   32   78  436]
 [  23 2161  171   40   26]
 [ 729  132 6179   74  344]
 [   0    0    0  170   30]
 [ 470   19    5   84 2176]]
