115
20201021_211056
0.843639105748758
              precision    recall  f1-score   support

           0       0.83      0.93      0.88      9711
           1       0.76      0.93      0.84      2421
           2       0.97      0.74      0.84      7458
           3       0.57      0.84      0.68       200
           4       0.74      0.75      0.74      2754

    accuracy                           0.84     22544
   macro avg       0.78      0.84      0.80     22544
weighted avg       0.86      0.84      0.84     22544

[[9022  292   40   76  281]
 [  24 2247  133   13    4]
 [1127  391 5529    1  410]
 [   5    0    0  168   27]
 [ 649   13    2   37 2053]]
