38
20201021_205757
0.8437278211497516
              precision    recall  f1-score   support

           0       0.88      0.86      0.87      9711
           1       0.82      0.87      0.84      2421
           2       0.97      0.77      0.86      7458
           3       0.51      0.86      0.64       200
           4       0.64      0.97      0.77      2754

    accuracy                           0.84     22544
   macro avg       0.76      0.87      0.80     22544
weighted avg       0.87      0.84      0.85     22544

[[8322  349   39   59  942]
 [  17 2101  154   47  102]
 [1144  103 5763    3  445]
 [   2    0    0  173   25]
 [  13    9   11   59 2662]]
