27
20201021_111622
0.8437721788502484
              precision    recall  f1-score   support

           0       0.88      0.88      0.88      9711
           1       0.78      0.89      0.83      2421
           2       0.95      0.74      0.83      7458
           3       0.41      0.84      0.56       200
           4       0.69      0.95      0.79      2754

    accuracy                           0.84     22544
   macro avg       0.74      0.86      0.78     22544
weighted avg       0.86      0.84      0.85     22544

[[8553  361  117   71  609]
 [   3 2160  174   36   48]
 [1160  202 5533   49  514]
 [   1    3    0  169   27]
 [  21   37    6   83 2607]]
