14
20201021_115241
0.8437721788502484
              precision    recall  f1-score   support

           0       0.87      0.89      0.88      9711
           1       0.85      0.82      0.84      2421
           2       0.95      0.78      0.86      7458
           3       0.22      0.79      0.34       200
           4       0.70      0.90      0.79      2754

    accuracy                           0.84     22544
   macro avg       0.72      0.83      0.74     22544
weighted avg       0.87      0.84      0.85     22544

[[8606  276   20  122  687]
 [  11 1992  257  136   25]
 [1148   55 5787  152  316]
 [   1   11    0  157   31]
 [ 112    9    5  148 2480]]
