33
20201021_095716
0.8439052519517388
              precision    recall  f1-score   support

           0       0.88      0.89      0.88      9711
           1       0.79      0.91      0.84      2421
           2       0.97      0.73      0.83      7458
           3       0.32      0.88      0.47       200
           4       0.69      0.94      0.79      2754

    accuracy                           0.84     22544
   macro avg       0.73      0.87      0.76     22544
weighted avg       0.87      0.84      0.85     22544

[[8653  363   18   88  589]
 [   0 2212  151   35   23]
 [1158  213 5410  139  538]
 [   0    0    0  175   25]
 [  36   29    1  113 2575]]
