80
20201021_110757
0.8439496096522356
              precision    recall  f1-score   support

           0       0.88      0.86      0.87      9711
           1       0.82      0.89      0.85      2421
           2       0.92      0.76      0.83      7458
           3       0.38      0.80      0.52       200
           4       0.70      0.96      0.81      2754

    accuracy                           0.84     22544
   macro avg       0.74      0.85      0.78     22544
weighted avg       0.86      0.84      0.85     22544

[[8393  271  333  105  609]
 [  11 2143  177   59   31]
 [1110  185 5685   29  449]
 [   8    0    1  160   31]
 [  24   18    0   67 2645]]
