127
20201021_091339
0.8439052519517388
              precision    recall  f1-score   support

           0       0.86      0.92      0.88      9711
           1       0.79      0.92      0.85      2421
           2       0.96      0.73      0.83      7458
           3       0.52      0.85      0.65       200
           4       0.69      0.83      0.76      2754

    accuracy                           0.84     22544
   macro avg       0.76      0.85      0.79     22544
weighted avg       0.86      0.84      0.84     22544

[[8890  279   74   66  402]
 [   3 2218  163   21   16]
 [1132  285 5454   12  575]
 [   0    0    0  171   29]
 [ 372   33    0   57 2292]]
