6
20201021_221808
0.8440383250532293
              precision    recall  f1-score   support

           0       0.85      0.91      0.88      9711
           1       0.81      0.90      0.85      2421
           2       0.96      0.80      0.87      7458
           3       0.17      0.77      0.27       200
           4       0.80      0.72      0.76      2754

    accuracy                           0.84     22544
   macro avg       0.72      0.82      0.73     22544
weighted avg       0.87      0.84      0.85     22544

[[8794  353   32   93  439]
 [  15 2170  177   55    4]
 [1019  105 5935  370   29]
 [   0   16    0  154   30]
 [ 483   36    7  253 1975]]
