133
20201021_141825
0.8441270404542228
              precision    recall  f1-score   support

           0       0.86      0.92      0.89      9711
           1       0.75      0.91      0.82      2421
           2       0.95      0.73      0.82      7458
           3       0.18      0.91      0.31       200
           4       0.90      0.81      0.85      2754

    accuracy                           0.84     22544
   macro avg       0.73      0.86      0.74     22544
weighted avg       0.88      0.84      0.85     22544

[[8966  292  142  116  195]
 [   3 2209  168   15   26]
 [1140  451 5446  421    0]
 [   6    0    0  181   13]
 [ 266   12    0  248 2228]]
