37
20201021_212726
0.8441270404542228
              precision    recall  f1-score   support

           0       0.86      0.87      0.87      9711
           1       0.68      0.86      0.76      2421
           2       0.96      0.81      0.88      7458
           3       0.56      0.81      0.66       200
           4       0.74      0.85      0.79      2754

    accuracy                           0.84     22544
   macro avg       0.76      0.84      0.79     22544
weighted avg       0.86      0.84      0.85     22544

[[8415  814   15   44  423]
 [  54 2081  241    9   36]
 [ 941  138 6022   15  342]
 [  14    1    0  161   24]
 [ 321   17    6   59 2351]]
