47
20201021_130407
0.8441713981547196
              precision    recall  f1-score   support

           0       0.84      0.92      0.88      9711
           1       0.80      0.87      0.83      2421
           2       0.96      0.78      0.86      7458
           3       0.23      0.84      0.37       200
           4       0.83      0.73      0.77      2754

    accuracy                           0.84     22544
   macro avg       0.73      0.83      0.74     22544
weighted avg       0.87      0.84      0.85     22544

[[8917  336   53   70  335]
 [  16 2103  208   43   51]
 [1251  185 5842  174    6]
 [   8    1    0  168   23]
 [ 477   10    3  263 2001]]
