78
20201021_210543
0.8441270404542228
              precision    recall  f1-score   support

           0       0.85      0.91      0.88      9711
           1       0.77      0.86      0.81      2421
           2       0.95      0.76      0.84      7458
           3       0.23      0.89      0.36       200
           4       0.82      0.82      0.82      2754

    accuracy                           0.84     22544
   macro avg       0.72      0.85      0.74     22544
weighted avg       0.87      0.84      0.85     22544

[[8877  282   43   91  418]
 [   8 2083  230   38   62]
 [1109  326 5633  382    8]
 [   7    0    0  177   16]
 [ 393    4    5   92 2260]]
