30
20201021_110557
0.8442601135557133
              precision    recall  f1-score   support

           0       0.88      0.90      0.89      9711
           1       0.77      0.89      0.83      2421
           2       0.96      0.72      0.83      7458
           3       0.54      0.81      0.64       200
           4       0.67      0.95      0.79      2754

    accuracy                           0.84     22544
   macro avg       0.76      0.85      0.79     22544
weighted avg       0.87      0.84      0.85     22544

[[8717  294   49   53  598]
 [   6 2144  163   29   79]
 [1147  329 5393    5  584]
 [   5    1    0  161   33]
 [  76    6    2   52 2618]]
