55
20201021_222710
0.8443488289567069
              precision    recall  f1-score   support

           0       0.89      0.86      0.87      9711
           1       0.83      0.93      0.88      2421
           2       0.87      0.82      0.84      7458
           3       0.43      0.78      0.55       200
           4       0.72      0.80      0.75      2754

    accuracy                           0.84     22544
   macro avg       0.75      0.84      0.78     22544
weighted avg       0.85      0.84      0.85     22544

[[8313  283  587   81  447]
 [   7 2254  109   17   34]
 [ 837  116 6123   16  366]
 [  13   15    0  155   17]
 [ 217   36  221   90 2190]]
