65
20201021_210330
0.8443488289567069
              precision    recall  f1-score   support

           0       0.85      0.91      0.88      9711
           1       0.76      0.92      0.83      2421
           2       0.97      0.77      0.86      7458
           3       0.48      0.84      0.61       200
           4       0.69      0.73      0.71      2754

    accuracy                           0.84     22544
   macro avg       0.75      0.84      0.78     22544
weighted avg       0.86      0.84      0.85     22544

[[8847  315    8  112  429]
 [  19 2236  141   16    9]
 [ 875  361 5775    5  442]
 [   0    0    0  168   32]
 [ 665   34    0   46 2009]]
