24
20201021_134730
0.8443044712562101
              precision    recall  f1-score   support

           0       0.88      0.89      0.89      9711
           1       0.84      0.89      0.86      2421
           2       0.96      0.73      0.83      7458
           3       0.41      0.86      0.56       200
           4       0.64      0.94      0.77      2754

    accuracy                           0.84     22544
   macro avg       0.75      0.86      0.78     22544
weighted avg       0.87      0.84      0.85     22544

[[8689  256   12   94  660]
 [   2 2145  209   39   26]
 [1144  151 5426    4  733]
 [   5    0    0  173   22]
 [  25   10    7  111 2601]]
