21
20201021_140915
0.8443044712562101
              precision    recall  f1-score   support

           0       0.91      0.85      0.88      9711
           1       0.77      0.94      0.85      2421
           2       0.90      0.78      0.84      7458
           3       0.27      0.85      0.41       200
           4       0.73      0.90      0.81      2754

    accuracy                           0.84     22544
   macro avg       0.72      0.87      0.76     22544
weighted avg       0.86      0.84      0.85     22544

[[8260  267  513  126  545]
 [   4 2274  110    8   25]
 [ 818  383 5840  106  311]
 [   3    0    0  170   27]
 [  22   16    4  222 2490]]
