33
20201021_103919
0.8444819020581973
              precision    recall  f1-score   support

           0       0.84      0.90      0.87      9711
           1       0.80      0.91      0.85      2421
           2       0.97      0.74      0.84      7458
           3       0.55      0.86      0.67       200
           4       0.72      0.88      0.79      2754

    accuracy                           0.84     22544
   macro avg       0.78      0.86      0.80     22544
weighted avg       0.86      0.84      0.84     22544

[[8764  406   23   43  475]
 [  11 2195  165   42    8]
 [1414  107 5494    0  443]
 [   5    0    0  172   23]
 [ 255   31    2   53 2413]]
