46
20201021_124433
0.8444819020581973
              precision    recall  f1-score   support

           0       0.86      0.86      0.86      9711
           1       0.85      0.93      0.89      2421
           2       0.91      0.78      0.84      7458
           3       0.46      0.86      0.60       200
           4       0.73      0.89      0.80      2754

    accuracy                           0.84     22544
   macro avg       0.76      0.86      0.80     22544
weighted avg       0.85      0.84      0.85     22544

[[8320  296  479   75  541]
 [   0 2257  115   31   18]
 [1157   85 5833   43  340]
 [   3    0    1  172   24]
 [ 223   15    3   57 2456]]
