66
20201021_132156
0.8445706174591909
              precision    recall  f1-score   support

           0       0.88      0.89      0.88      9711
           1       0.85      0.80      0.83      2421
           2       0.95      0.77      0.85      7458
           3       0.23      0.85      0.36       200
           4       0.69      0.94      0.80      2754

    accuracy                           0.84     22544
   macro avg       0.72      0.85      0.74     22544
weighted avg       0.87      0.84      0.85     22544

[[8606  244   98  176  587]
 [   1 1947  180  188  105]
 [1150   91 5731   71  415]
 [   1    0    0  170   29]
 [  20    7    2  139 2586]]
