204
20201021_134835
0.8445262597586941
              precision    recall  f1-score   support

           0       0.85      0.94      0.89      9711
           1       0.73      0.84      0.78      2421
           2       0.95      0.73      0.83      7458
           3       0.40      0.83      0.54       200
           4       0.78      0.82      0.80      2754

    accuracy                           0.84     22544
   macro avg       0.74      0.83      0.77     22544
weighted avg       0.86      0.84      0.84     22544

[[9114  296   58   61  182]
 [   7 2044  225   82   63]
 [1125  454 5449   38  392]
 [  17    0    0  166   17]
 [ 408   14    0   66 2266]]
