17
20201021_121901
0.8446149751596878
              precision    recall  f1-score   support

           0       0.88      0.88      0.88      9711
           1       0.76      0.93      0.84      2421
           2       0.97      0.74      0.84      7458
           3       0.45      0.86      0.59       200
           4       0.68      0.93      0.78      2754

    accuracy                           0.84     22544
   macro avg       0.75      0.87      0.79     22544
weighted avg       0.87      0.84      0.85     22544

[[8536  372   20   85  698]
 [   2 2246  141   24    8]
 [1143  303 5538    2  472]
 [   0    0    0  172   28]
 [  68   27    7  103 2549]]
