72
20201021_195317
0.8446593328601846
              precision    recall  f1-score   support

           0       0.86      0.91      0.88      9711
           1       0.82      0.86      0.84      2421
           2       0.96      0.79      0.87      7458
           3       0.27      0.78      0.40       200
           4       0.67      0.75      0.71      2754

    accuracy                           0.84     22544
   macro avg       0.72      0.82      0.74     22544
weighted avg       0.86      0.84      0.85     22544

[[8814  260   39  183  415]
 [  10 2092  165   32  122]
 [ 912  142 5924   54  426]
 [   0   16    0  156   28]
 [ 492   29   16  161 2056]]
