20
20201021_212410
0.8447480482611781
              precision    recall  f1-score   support

           0       0.85      0.90      0.87      9711
           1       0.83      0.94      0.88      2421
           2       0.97      0.76      0.85      7458
           3       0.24      0.79      0.37       200
           4       0.73      0.79      0.76      2754

    accuracy                           0.84     22544
   macro avg       0.72      0.84      0.75     22544
weighted avg       0.87      0.84      0.85     22544

[[8738  305   71  176  421]
 [   4 2265  108   34   10]
 [1145  136 5700  137  340]
 [   1   17    0  158   24]
 [ 409    8    5  149 2183]]
