22
20201021_101929
0.8447480482611781
              precision    recall  f1-score   support

           0       0.88      0.85      0.86      9711
           1       0.81      0.95      0.87      2421
           2       0.90      0.77      0.83      7458
           3       0.31      0.82      0.45       200
           4       0.76      0.95      0.84      2754

    accuracy                           0.84     22544
   macro avg       0.73      0.87      0.77     22544
weighted avg       0.86      0.84      0.85     22544

[[8229  309  529   54  590]
 [   2 2297   76    5   41]
 [1081  220 5746  239  172]
 [   0    0    0  164   36]
 [  64   11    9   62 2608]]
