140
20201021_091443
0.8448811213626686
              precision    recall  f1-score   support

           0       0.86      0.92      0.89      9711
           1       0.79      0.91      0.84      2421
           2       0.96      0.73      0.83      7458
           3       0.53      0.88      0.66       200
           4       0.70      0.85      0.76      2754

    accuracy                           0.84     22544
   macro avg       0.77      0.86      0.80     22544
weighted avg       0.86      0.84      0.85     22544

[[8890  278   74   64  405]
 [   4 2210  172   20   15]
 [1137  294 5441   12  574]
 [   0    0    0  175   25]
 [ 338   28    0   57 2331]]
