43
20201021_141040
0.8448367636621718
              precision    recall  f1-score   support

           0       0.86      0.90      0.88      9711
           1       0.83      0.87      0.85      2421
           2       0.91      0.79      0.85      7458
           3       0.45      0.81      0.58       200
           4       0.72      0.78      0.75      2754

    accuracy                           0.84     22544
   macro avg       0.75      0.83      0.78     22544
weighted avg       0.85      0.84      0.85     22544

[[8774  214  279   68  376]
 [   1 2099  262   38   21]
 [ 963  190 5863   17  425]
 [   4    1    0  162   33]
 [ 509   13    7   77 2148]]
