151
20201021_125346
0.8448367636621718
              precision    recall  f1-score   support

           0       0.87      0.92      0.89      9711
           1       0.82      0.80      0.81      2421
           2       0.95      0.77      0.85      7458
           3       0.19      0.91      0.32       200
           4       0.76      0.83      0.80      2754

    accuracy                           0.84     22544
   macro avg       0.72      0.84      0.73     22544
weighted avg       0.87      0.84      0.85     22544

[[8918  311   31  168  283]
 [   1 1936  261  184   39]
 [1143  111 5726  106  372]
 [   9    0    0  181   10]
 [ 161    4    3  301 2285]]
