135
20201021_091419
0.8450585521646558
              precision    recall  f1-score   support

           0       0.86      0.92      0.89      9711
           1       0.79      0.91      0.85      2421
           2       0.96      0.73      0.83      7458
           3       0.53      0.88      0.66       200
           4       0.70      0.84      0.76      2754

    accuracy                           0.85     22544
   macro avg       0.77      0.86      0.80     22544
weighted avg       0.86      0.85      0.85     22544

[[8891  279   74   65  402]
 [   3 2212  170   22   14]
 [1134  288 5451   12  573]
 [   0    0    0  175   25]
 [ 347   28    0   57 2322]]
