52
20201021_105855
0.8450141944641589
              precision    recall  f1-score   support

           0       0.87      0.86      0.87      9711
           1       0.72      0.89      0.79      2421
           2       0.89      0.78      0.83      7458
           3       0.55      0.83      0.66       200
           4       0.82      0.93      0.87      2754

    accuracy                           0.85     22544
   macro avg       0.77      0.86      0.81     22544
weighted avg       0.85      0.85      0.85     22544

[[8319  305  521   59  507]
 [   4 2161  215   23   18]
 [1083  535 5840    0    0]
 [   3    1    0  166   30]
 [ 110   15   13   52 2564]]
