49
20201021_115543
0.8452803406671399
              precision    recall  f1-score   support

           0       0.86      0.90      0.88      9711
           1       0.86      0.87      0.86      2421
           2       0.97      0.77      0.86      7458
           3       0.22      0.88      0.35       200
           4       0.73      0.84      0.78      2754

    accuracy                           0.85     22544
   macro avg       0.73      0.85      0.75     22544
weighted avg       0.87      0.85      0.85     22544

[[8707  271  117  179  437]
 [   9 2096   85  149   82]
 [1152   56 5775  163  312]
 [   4    0    0  176   20]
 [ 305    3    6  138 2302]]
