125
20201021_101445
0.845235982966643
              precision    recall  f1-score   support

           0       0.80      0.94      0.86      9711
           1       0.85      0.87      0.86      2421
           2       0.96      0.74      0.84      7458
           3       0.38      0.90      0.53       200
           4       0.88      0.75      0.81      2754

    accuracy                           0.85     22544
   macro avg       0.77      0.84      0.78     22544
weighted avg       0.86      0.85      0.85     22544

[[9151  284   74  106   96]
 [  28 2114  150   92   37]
 [1668   93 5542   11  144]
 [  14    0    0  179    7]
 [ 593    7    1   84 2069]]
