117
20201021_102529
0.845235982966643
              precision    recall  f1-score   support

           0       0.85      0.92      0.88      9711
           1       0.77      0.87      0.82      2421
           2       0.96      0.75      0.84      7458
           3       0.44      0.91      0.60       200
           4       0.73      0.83      0.78      2754

    accuracy                           0.85     22544
   macro avg       0.75      0.85      0.78     22544
weighted avg       0.86      0.85      0.85     22544

[[8916  324   31   56  384]
 [   7 2108  203   71   32]
 [1144  307 5567   23  417]
 [   0    0    0  181   19]
 [ 379   10    5   77 2283]]
