36
20201021_212721
0.8454134137686302
              precision    recall  f1-score   support

           0       0.88      0.89      0.89      9711
           1       0.74      0.89      0.81      2421
           2       0.94      0.73      0.82      7458
           3       0.52      0.82      0.64       200
           4       0.71      0.96      0.82      2754

    accuracy                           0.85     22544
   macro avg       0.76      0.86      0.79     22544
weighted avg       0.86      0.85      0.85     22544

[[8680  276   81   66  608]
 [   3 2146  245    9   18]
 [1135  456 5418   19  430]
 [   2    2    0  164   32]
 [  15   25    6   57 2651]]
