84
20201021_140657
0.8454134137686302
              precision    recall  f1-score   support

           0       0.86      0.91      0.89      9711
           1       0.80      0.81      0.81      2421
           2       0.95      0.76      0.84      7458
           3       0.36      0.88      0.51       200
           4       0.71      0.88      0.79      2754

    accuracy                           0.85     22544
   macro avg       0.74      0.85      0.77     22544
weighted avg       0.86      0.85      0.85     22544

[[8822  280   63  110  436]
 [  20 1968  256  105   72]
 [1145  181 5658   23  451]
 [   4    4    0  176   16]
 [ 220   17    2   80 2435]]
