29
20201021_122824
0.8454134137686302
              precision    recall  f1-score   support

           0       0.85      0.91      0.88      9711
           1       0.85      0.92      0.88      2421
           2       0.97      0.76      0.85      7458
           3       0.29      0.77      0.42       200
           4       0.69      0.79      0.74      2754

    accuracy                           0.85     22544
   macro avg       0.73      0.83      0.76     22544
weighted avg       0.87      0.85      0.85     22544

[[8813  274   36  147  441]
 [   0 2235  122   24   40]
 [1108  117 5680  111  442]
 [   0    0    0  154   46]
 [ 472   10    2   93 2177]]
