11
20201021_123302
0.845457771469127
              precision    recall  f1-score   support

           0       0.85      0.90      0.88      9711
           1       0.83      0.89      0.86      2421
           2       0.96      0.77      0.86      7458
           3       0.32      0.83      0.47       200
           4       0.71      0.82      0.76      2754

    accuracy                           0.85     22544
   macro avg       0.73      0.84      0.76     22544
weighted avg       0.86      0.85      0.85     22544

[[8736  347   44  145  439]
 [   1 2165  175   42   38]
 [1168   93 5746   30  421]
 [   0    1    0  167   32]
 [ 352   14    8  134 2246]]
