63
20201021_131101
0.8455908445706175
              precision    recall  f1-score   support

           0       0.88      0.88      0.88      9711
           1       0.77      0.86      0.81      2421
           2       0.94      0.75      0.83      7458
           3       0.51      0.83      0.63       200
           4       0.70      0.97      0.81      2754

    accuracy                           0.85     22544
   macro avg       0.76      0.86      0.79     22544
weighted avg       0.86      0.85      0.85     22544

[[8545  327   84   74  681]
 [   4 2086  276   37   18]
 [1136  283 5602    0  437]
 [   1    0    0  166   33]
 [  24   13    5   48 2664]]
