58
20201021_213111
0.8456352022711142
              precision    recall  f1-score   support

           0       0.85      0.92      0.89      9711
           1       0.81      0.76      0.78      2421
           2       0.95      0.77      0.86      7458
           3       0.26      0.83      0.39       200
           4       0.76      0.84      0.79      2754

    accuracy                           0.85     22544
   macro avg       0.73      0.82      0.74     22544
weighted avg       0.86      0.85      0.85     22544

[[8981  309   41   49  331]
 [  69 1837  229   24  262]
 [1148  114 5778  289  129]
 [  14    0    0  166   20]
 [ 326    5    4  117 2302]]
