36
20201021_090413
0.8456352022711142
              precision    recall  f1-score   support

           0       0.88      0.85      0.87      9711
           1       0.72      0.89      0.79      2421
           2       0.96      0.79      0.87      7458
           3       0.46      0.83      0.59       200
           4       0.71      0.96      0.81      2754

    accuracy                           0.85     22544
   macro avg       0.75      0.86      0.79     22544
weighted avg       0.86      0.85      0.85     22544

[[8220  752   56   82  601]
 [  11 2149  199   29   33]
 [1039   83 5897    8  431]
 [   0    0    0  167   33]
 [  24   16    7   76 2631]]
