94
20201021_091818
0.8457239176721079
              precision    recall  f1-score   support

           0       0.90      0.86      0.88      9711
           1       0.87      0.86      0.87      2421
           2       0.89      0.81      0.85      7458
           3       0.44      0.84      0.58       200
           4       0.67      0.88      0.76      2754

    accuracy                           0.85     22544
   macro avg       0.75      0.85      0.79     22544
weighted avg       0.86      0.85      0.85     22544

[[8342  246  534   78  511]
 [   2 2089  216   43   71]
 [ 751   64 6036    0  607]
 [   3    0    0  168   29]
 [ 218    6    8   91 2431]]
