129
20201021_141806
0.8458126330731015
              precision    recall  f1-score   support

           0       0.86      0.93      0.89      9711
           1       0.75      0.92      0.82      2421
           2       0.95      0.73      0.83      7458
           3       0.19      0.90      0.31       200
           4       0.90      0.81      0.85      2754

    accuracy                           0.85     22544
   macro avg       0.73      0.86      0.74     22544
weighted avg       0.88      0.85      0.85     22544

[[8987  291  110  112  211]
 [   3 2217  164   15   22]
 [1141  452 5444  421    0]
 [   6    0    0  180   14]
 [ 266   12    0  236 2240]]
