15
20201021_093030
0.8459457061745919
              precision    recall  f1-score   support

           0       0.83      0.92      0.87      9711
           1       0.83      0.93      0.88      2421
           2       0.97      0.75      0.85      7458
           3       0.46      0.79      0.58       200
           4       0.71      0.78      0.74      2754

    accuracy                           0.85     22544
   macro avg       0.76      0.83      0.78     22544
weighted avg       0.86      0.85      0.85     22544

[[8914  281   37   87  392]
 [  12 2240  138   18   13]
 [1259  138 5615    1  445]
 [   1   17    0  158   24]
 [ 518   13    2   77 2144]]
