29
20201021_102009
0.8460344215755855
              precision    recall  f1-score   support

           0       0.88      0.85      0.86      9711
           1       0.80      0.94      0.86      2421
           2       0.90      0.78      0.83      7458
           3       0.46      0.82      0.59       200
           4       0.73      0.95      0.82      2754

    accuracy                           0.85     22544
   macro avg       0.75      0.87      0.80     22544
weighted avg       0.86      0.85      0.85     22544

[[8226  320  516   56  593]
 [   1 2280   94    5   41]
 [1033  250 5782   77  316]
 [   0    1    0  164   35]
 [  57   11   10   55 2621]]
