29
20201021_142617
0.8461231369765791
              precision    recall  f1-score   support

           0       0.85      0.91      0.88      9711
           1       0.86      0.94      0.90      2421
           2       0.98      0.72      0.83      7458
           3       0.48      0.82      0.61       200
           4       0.66      0.89      0.75      2754

    accuracy                           0.85     22544
   macro avg       0.77      0.86      0.79     22544
weighted avg       0.87      0.85      0.85     22544

[[8803  256   38   85  529]
 [   6 2273   74   23   45]
 [1295   91 5387    8  677]
 [   0    0    0  164   36]
 [ 227   15    4   60 2448]]
