32
20201021_100531
0.8461231369765791
              precision    recall  f1-score   support

           0       0.87      0.91      0.89      9711
           1       0.81      0.91      0.86      2421
           2       0.95      0.75      0.84      7458
           3       0.26      0.85      0.40       200
           4       0.74      0.82      0.78      2754

    accuracy                           0.85     22544
   macro avg       0.72      0.85      0.75     22544
weighted avg       0.87      0.85      0.85     22544

[[8811  242  128   95  435]
 [   4 2213  164   35    5]
 [1138  274 5620  119  307]
 [   0    1    0  171   28]
 [ 227   13   10  244 2260]]
