37
20201021_115318
0.8463449254790631
              precision    recall  f1-score   support

           0       0.87      0.91      0.89      9711
           1       0.82      0.80      0.81      2421
           2       0.93      0.76      0.84      7458
           3       0.40      0.84      0.55       200
           4       0.71      0.92      0.80      2754

    accuracy                           0.85     22544
   macro avg       0.75      0.85      0.78     22544
weighted avg       0.86      0.85      0.85     22544

[[8795  233  112   77  494]
 [  77 1948  278   34   84]
 [1208  179 5631    2  438]
 [  10    0    0  169   21]
 [  69    5    5  138 2537]]
