30
20201021_114337
0.8463449254790631
              precision    recall  f1-score   support

           0       0.88      0.90      0.89      9711
           1       0.83      0.84      0.83      2421
           2       0.97      0.75      0.85      7458
           3       0.20      0.83      0.32       200
           4       0.72      0.95      0.82      2754

    accuracy                           0.85     22544
   macro avg       0.72      0.85      0.74     22544
weighted avg       0.88      0.85      0.85     22544

[[8705  245  125   83  553]
 [  20 2039   15  105  242]
 [1145  174 5564  375  200]
 [   2    1    0  167   30]
 [  38    4    4  103 2605]]
