118
20201021_101411
0.8464336408800568
              precision    recall  f1-score   support

           0       0.80      0.94      0.87      9711
           1       0.85      0.89      0.87      2421
           2       0.96      0.74      0.84      7458
           3       0.42      0.89      0.57       200
           4       0.87      0.75      0.80      2754

    accuracy                           0.85     22544
   macro avg       0.78      0.84      0.79     22544
weighted avg       0.86      0.85      0.85     22544

[[9159  272   85   99   96]
 [  25 2151  142   57   46]
 [1652  106 5527    9  164]
 [  13    0    0  178    9]
 [ 596    7    1   83 2067]]
