76
20201021_210532
0.8465223562810504
              precision    recall  f1-score   support

           0       0.85      0.92      0.88      9711
           1       0.76      0.93      0.83      2421
           2       0.98      0.76      0.85      7458
           3       0.47      0.84      0.60       200
           4       0.71      0.76      0.74      2754

    accuracy                           0.85     22544
   macro avg       0.75      0.84      0.78     22544
weighted avg       0.86      0.85      0.85     22544

[[8894  323    9  103  382]
 [  20 2250  129   17    5]
 [ 958  371 5670   20  439]
 [   0    0    0  168   32]
 [ 573   30    0   49 2102]]
