85
20201021_124812
0.8466554293825408
              precision    recall  f1-score   support

           0       0.87      0.91      0.89      9711
           1       0.84      0.82      0.83      2421
           2       0.95      0.78      0.85      7458
           3       0.19      0.92      0.32       200
           4       0.77      0.81      0.79      2754

    accuracy                           0.85     22544
   macro avg       0.72      0.85      0.74     22544
weighted avg       0.87      0.85      0.86     22544

[[8867  296   46  225  277]
 [   2 1995  263  134   27]
 [1143   67 5801   76  371]
 [   7    0    0  183   10]
 [ 183    4    4  322 2241]]
