14
20201021_140841
0.846611071682044
              precision    recall  f1-score   support

           0       0.90      0.85      0.87      9711
           1       0.79      0.94      0.86      2421
           2       0.90      0.78      0.84      7458
           3       0.34      0.85      0.48       200
           4       0.73      0.95      0.82      2754

    accuracy                           0.85     22544
   macro avg       0.73      0.87      0.77     22544
weighted avg       0.86      0.85      0.85     22544

[[8224  261  510  102  614]
 [   3 2264  108   19   27]
 [ 892  328 5814  107  317]
 [   1    0    0  170   29]
 [  16   16    2  106 2614]]
