86
20201021_091021
0.8466554293825408
              precision    recall  f1-score   support

           0       0.87      0.91      0.89      9711
           1       0.77      0.89      0.83      2421
           2       0.96      0.72      0.82      7458
           3       0.51      0.86      0.64       200
           4       0.69      0.92      0.79      2754

    accuracy                           0.85     22544
   macro avg       0.76      0.86      0.79     22544
weighted avg       0.86      0.85      0.85     22544

[[8856  287   38   67  463]
 [   3 2166  202   33   17]
 [1163  326 5349    1  619]
 [   0    2    0  172   26]
 [ 120   27    0   63 2544]]
