96
20201021_091108
0.846611071682044
              precision    recall  f1-score   support

           0       0.88      0.91      0.89      9711
           1       0.76      0.90      0.82      2421
           2       0.96      0.71      0.82      7458
           3       0.52      0.86      0.65       200
           4       0.70      0.94      0.80      2754

    accuracy                           0.85     22544
   macro avg       0.76      0.86      0.80     22544
weighted avg       0.87      0.85      0.85     22544

[[8842  279   42   70  478]
 [   6 2169  203   30   13]
 [1140  394 5325    0  599]
 [   0    2    0  172   26]
 [  95   22    1   58 2578]]
