139
20201021_135647
0.8466554293825408
              precision    recall  f1-score   support

           0       0.86      0.90      0.88      9711
           1       0.76      0.88      0.81      2421
           2       0.94      0.75      0.84      7458
           3       0.50      0.87      0.64       200
           4       0.73      0.88      0.80      2754

    accuracy                           0.85     22544
   macro avg       0.76      0.86      0.79     22544
weighted avg       0.86      0.85      0.85     22544

[[8784  366   62   58  441]
 [   2 2128  260   21   10]
 [1133  303 5585   18  419]
 [   6    0    0  174   20]
 [ 248    5   10   75 2416]]
