13
20201021_135953
0.8466997870830376
              precision    recall  f1-score   support

           0       0.88      0.88      0.88      9711
           1       0.83      0.89      0.86      2421
           2       0.96      0.77      0.85      7458
           3       0.30      0.82      0.44       200
           4       0.67      0.91      0.77      2754

    accuracy                           0.85     22544
   macro avg       0.73      0.85      0.76     22544
weighted avg       0.87      0.85      0.85     22544

[[8555  254   70  106  726]
 [   1 2156  183    8   73]
 [1124  179 5713   46  396]
 [   3    0    0  164   33]
 [  12    9    7  226 2500]]
