65
20201021_090635
0.8466997870830376
              precision    recall  f1-score   support

           0       0.88      0.89      0.89      9711
           1       0.74      0.92      0.82      2421
           2       0.96      0.73      0.83      7458
           3       0.49      0.84      0.62       200
           4       0.70      0.94      0.81      2754

    accuracy                           0.85     22544
   macro avg       0.75      0.87      0.79     22544
weighted avg       0.87      0.85      0.85     22544

[[8609  313   98   89  602]
 [   2 2233  151    8   27]
 [1071  463 5478    0  446]
 [   7    0    0  169   24]
 [  43   23    7   82 2599]]
