138
20201021_125241
0.8467885024840313
              precision    recall  f1-score   support

           0       0.87      0.92      0.89      9711
           1       0.82      0.80      0.81      2421
           2       0.95      0.77      0.85      7458
           3       0.20      0.91      0.33       200
           4       0.77      0.83      0.80      2754

    accuracy                           0.85     22544
   macro avg       0.72      0.85      0.74     22544
weighted avg       0.87      0.85      0.85     22544

[[8916  312   30  170  283]
 [   2 1946  267  166   40]
 [1143  108 5761   76  370]
 [  10    0    0  181    9]
 [ 160    5    3  300 2286]]
