8
20201021_142801
0.8467885024840313
              precision    recall  f1-score   support

           0       0.88      0.90      0.89      9711
           1       0.79      0.82      0.80      2421
           2       0.93      0.80      0.86      7458
           3       0.34      0.86      0.49       200
           4       0.70      0.81      0.75      2754

    accuracy                           0.85     22544
   macro avg       0.73      0.84      0.76     22544
weighted avg       0.86      0.85      0.85     22544

[[8749  279   53   70  560]
 [  29 1989  375   20    8]
 [ 742  252 5943  140  381]
 [   2    0    0  172   26]
 [ 404    7    6  100 2237]]
