112
20201021_101342
0.8466997870830376
              precision    recall  f1-score   support

           0       0.80      0.94      0.87      9711
           1       0.84      0.89      0.87      2421
           2       0.96      0.74      0.84      7458
           3       0.43      0.89      0.58       200
           4       0.86      0.75      0.80      2754

    accuracy                           0.85     22544
   macro avg       0.78      0.84      0.79     22544
weighted avg       0.86      0.85      0.85     22544

[[9152  291   75   97   96]
 [  26 2157  139   46   53]
 [1639  102 5531    9  177]
 [  12    0    0  178   10]
 [ 595    7    1   81 2070]]
