25
20201021_134735
0.8467885024840313
              precision    recall  f1-score   support

           0       0.88      0.89      0.89      9711
           1       0.83      0.88      0.86      2421
           2       0.96      0.74      0.83      7458
           3       0.41      0.86      0.55       200
           4       0.65      0.94      0.77      2754

    accuracy                           0.85     22544
   macro avg       0.75      0.86      0.78     22544
weighted avg       0.87      0.85      0.85     22544

[[8687  259   12   92  661]
 [   3 2142  210   40   26]
 [1102  156 5488    8  704]
 [   5    0    0  172   23]
 [  25    9    7  112 2601]]
