154
20201021_134433
0.8468328601845281
              precision    recall  f1-score   support

           0       0.86      0.94      0.90      9711
           1       0.72      0.85      0.78      2421
           2       0.95      0.73      0.83      7458
           3       0.40      0.83      0.54       200
           4       0.79      0.83      0.81      2754

    accuracy                           0.85     22544
   macro avg       0.75      0.84      0.77     22544
weighted avg       0.86      0.85      0.85     22544

[[9144  291   26   63  187]
 [   7 2061  234   66   53]
 [1137  477 5422   63  359]
 [  17    0    0  167   16]
 [ 388   14    0   55 2297]]
