43
20201021_123513
0.8468772178850248
              precision    recall  f1-score   support

           0       0.87      0.86      0.87      9711
           1       0.73      0.94      0.82      2421
           2       0.98      0.76      0.85      7458
           3       0.29      0.91      0.44       200
           4       0.78      0.94      0.85      2754

    accuracy                           0.85     22544
   macro avg       0.73      0.88      0.77     22544
weighted avg       0.87      0.85      0.85     22544

[[8393  444   49  201  624]
 [   2 2268   88   37   26]
 [1235  395 5656   88   84]
 [   0    2    0  181   17]
 [  25   18    3  114 2594]]
