33
20201021_123424
0.8469659332860184
              precision    recall  f1-score   support

           0       0.87      0.86      0.87      9711
           1       0.78      0.93      0.85      2421
           2       0.97      0.77      0.86      7458
           3       0.28      0.91      0.43       200
           4       0.73      0.94      0.82      2754

    accuracy                           0.85     22544
   macro avg       0.73      0.88      0.77     22544
weighted avg       0.87      0.85      0.85     22544

[[8361  274   57  208  811]
 [   2 2261  102   33   23]
 [1222  328 5716   84  108]
 [   0    2    0  181   17]
 [  20   20    5  134 2575]]
