23
20201021_212500
0.8470546486870121
              precision    recall  f1-score   support

           0       0.90      0.89      0.89      9711
           1       0.74      0.88      0.80      2421
           2       0.94      0.74      0.83      7458
           3       0.46      0.77      0.57       200
           4       0.70      0.95      0.80      2754

    accuracy                           0.85     22544
   macro avg       0.74      0.85      0.78     22544
weighted avg       0.86      0.85      0.85     22544

[[8651  232   90   82  656]
 [   2 2125  266   11   17]
 [ 979  485 5544   15  435]
 [   0   14    0  154   32]
 [  26   24    6   76 2622]]
