128
20201021_121943
0.8470990063875089
              precision    recall  f1-score   support

           0       0.91      0.85      0.88      9711
           1       0.68      0.87      0.76      2421
           2       0.96      0.79      0.87      7458
           3       0.39      0.88      0.54       200
           4       0.71      0.96      0.82      2754

    accuracy                           0.85     22544
   macro avg       0.73      0.87      0.77     22544
weighted avg       0.87      0.85      0.85     22544

[[8246  750   55  104  556]
 [  11 2118  166   49   77]
 [ 821  250 5911   63  413]
 [   2    0    0  176   22]
 [  27   12    5   64 2646]]
