67
20201021_090850
0.8470546486870121
              precision    recall  f1-score   support

           0       0.87      0.91      0.89      9711
           1       0.79      0.88      0.83      2421
           2       0.96      0.72      0.82      7458
           3       0.52      0.86      0.65       200
           4       0.68      0.94      0.79      2754

    accuracy                           0.85     22544
   macro avg       0.76      0.86      0.80     22544
weighted avg       0.87      0.85      0.85     22544

[[8834  277   26   60  514]
 [  31 2137  202   35   16]
 [1164  270 5373    1  650]
 [   0    2    0  172   26]
 [  89   23    0   62 2580]]
