49
20201021_141132
0.8472320794889993
              precision    recall  f1-score   support

           0       0.88      0.90      0.89      9711
           1       0.75      0.92      0.83      2421
           2       0.95      0.74      0.83      7458
           3       0.21      0.86      0.34       200
           4       0.79      0.89      0.84      2754

    accuracy                           0.85     22544
   macro avg       0.72      0.86      0.75     22544
weighted avg       0.88      0.85      0.85     22544

[[8751  267   86  160  447]
 [   5 2228  168   14    6]
 [1107  450 5489  218  194]
 [  12    0    0  172   16]
 [  30   11    5  248 2460]]
