242
20201021_142417
0.8472320794889993
              precision    recall  f1-score   support

           0       0.86      0.90      0.88      9711
           1       0.79      0.81      0.80      2421
           2       0.96      0.78      0.86      7458
           3       0.30      0.82      0.44       200
           4       0.74      0.88      0.80      2754

    accuracy                           0.85     22544
   macro avg       0.73      0.84      0.76     22544
weighted avg       0.86      0.85      0.85     22544

[[8744  422   90  102  353]
 [   9 1970  178  158  106]
 [1143   90 5798   51  376]
 [  18    0    0  164   18]
 [ 260    2    3   65 2424]]
