89
20201021_101152
0.8472320794889993
              precision    recall  f1-score   support

           0       0.81      0.94      0.87      9711
           1       0.83      0.90      0.86      2421
           2       0.96      0.74      0.84      7458
           3       0.43      0.89      0.58       200
           4       0.82      0.77      0.79      2754

    accuracy                           0.85     22544
   macro avg       0.77      0.85      0.79     22544
weighted avg       0.86      0.85      0.85     22544

[[9099  321   73  103  115]
 [  19 2184  129   29   60]
 [1511  125 5510   20  292]
 [  12    0    0  177   11]
 [ 532    7    1   84 2130]]
