61
20201021_113826
0.8472764371894961
              precision    recall  f1-score   support

           0       0.85      0.91      0.88      9711
           1       0.79      0.91      0.85      2421
           2       0.97      0.75      0.85      7458
           3       0.56      0.83      0.67       200
           4       0.70      0.85      0.76      2754

    accuracy                           0.85     22544
   macro avg       0.77      0.85      0.80     22544
weighted avg       0.86      0.85      0.85     22544

[[8802  325   44   45  495]
 [   3 2201  141   29   47]
 [1155  247 5603   11  442]
 [   2    0    0  166   32]
 [ 369    7    5   44 2329]]
