14
20201021_221946
0.8472320794889993
              precision    recall  f1-score   support

           0       0.86      0.89      0.88      9711
           1       0.85      0.90      0.87      2421
           2       0.96      0.77      0.86      7458
           3       0.28      0.85      0.42       200
           4       0.69      0.86      0.77      2754

    accuracy                           0.85     22544
   macro avg       0.73      0.85      0.76     22544
weighted avg       0.87      0.85      0.85     22544

[[8611  277   73  163  587]
 [   0 2187  125  103    6]
 [1142   91 5775   27  423]
 [   2    1    0  171   26]
 [ 207   27   14  150 2356]]
