73
20201021_090713
0.8472764371894961
              precision    recall  f1-score   support

           0       0.88      0.89      0.88      9711
           1       0.75      0.92      0.82      2421
           2       0.95      0.74      0.83      7458
           3       0.50      0.81      0.62       200
           4       0.71      0.93      0.80      2754

    accuracy                           0.85     22544
   macro avg       0.76      0.86      0.79     22544
weighted avg       0.87      0.85      0.85     22544

[[8643  322   99   75  572]
 [   2 2223  155    9   32]
 [1101  407 5504    0  446]
 [   8    6    0  162   24]
 [  81   22    7   75 2569]]
