74
20201021_101041
0.8475869410929737
              precision    recall  f1-score   support

           0       0.82      0.93      0.87      9711
           1       0.83      0.91      0.87      2421
           2       0.97      0.74      0.84      7458
           3       0.45      0.88      0.60       200
           4       0.79      0.80      0.79      2754

    accuracy                           0.85     22544
   macro avg       0.77      0.85      0.79     22544
weighted avg       0.86      0.85      0.85     22544

[[9031  324   78   93  185]
 [  17 2203  109   25   67]
 [1500  131 5504   12  311]
 [  11    0    0  176   13]
 [ 471    5    1   83 2194]]
