79
20201021_101105
0.8476312987934705
              precision    recall  f1-score   support

           0       0.82      0.93      0.87      9711
           1       0.83      0.91      0.87      2421
           2       0.97      0.74      0.84      7458
           3       0.45      0.88      0.59       200
           4       0.80      0.78      0.79      2754

    accuracy                           0.85     22544
   macro avg       0.77      0.85      0.79     22544
weighted avg       0.86      0.85      0.85     22544

[[9069  326   75   95  146]
 [  17 2199  117   25   63]
 [1500  126 5509   14  309]
 [  12    0    0  176   12]
 [ 509    6    1   82 2156]]
