112
20201021_140418
0.8476312987934705
              precision    recall  f1-score   support

           0       0.88      0.90      0.89      9711
           1       0.81      0.90      0.86      2421
           2       0.98      0.72      0.83      7458
           3       0.40      0.88      0.55       200
           4       0.66      0.94      0.78      2754

    accuracy                           0.85     22544
   macro avg       0.75      0.87      0.78     22544
weighted avg       0.87      0.85      0.85     22544

[[8744  283   15  120  549]
 [  11 2186   96   41   87]
 [1148  210 5405   25  670]
 [   0    0    0  175   25]
 [  73    4    1   77 2599]]
