19
20201021_115740
0.847764371894961
              precision    recall  f1-score   support

           0       0.86      0.89      0.87      9711
           1       0.84      0.89      0.86      2421
           2       0.93      0.78      0.85      7458
           3       0.36      0.78      0.49       200
           4       0.73      0.84      0.78      2754

    accuracy                           0.85     22544
   macro avg       0.74      0.84      0.77     22544
weighted avg       0.86      0.85      0.85     22544

[[8678  309  191   97  436]
 [   7 2163  236    8    7]
 [1123   88 5814   66  367]
 [   2   14    0  156   28]
 [ 324   16    8  105 2301]]
