126
20201021_141751
0.847764371894961
              precision    recall  f1-score   support

           0       0.86      0.93      0.90      9711
           1       0.75      0.92      0.82      2421
           2       0.96      0.73      0.83      7458
           3       0.19      0.90      0.31       200
           4       0.90      0.82      0.86      2754

    accuracy                           0.85     22544
   macro avg       0.73      0.86      0.74     22544
weighted avg       0.88      0.85      0.86     22544

[[9012  291   71  111  226]
 [   3 2219  165   15   19]
 [1140  451 5446  421    0]
 [   6    0    0  179   15]
 [ 264   12    0  222 2256]]
