54
20201021_210127
0.847764371894961
              precision    recall  f1-score   support

           0       0.86      0.91      0.88      9711
           1       0.78      0.90      0.84      2421
           2       0.98      0.77      0.86      7458
           3       0.44      0.84      0.58       200
           4       0.69      0.80      0.74      2754

    accuracy                           0.85     22544
   macro avg       0.75      0.84      0.78     22544
weighted avg       0.86      0.85      0.85     22544

[[8834  319    7  122  429]
 [  18 2190  125   15   73]
 [ 953  281 5721   30  473]
 [   0    0    0  168   32]
 [ 474   33    0   48 2199]]
