102
20201021_122205
0.847764371894961
              precision    recall  f1-score   support

           0       0.85      0.91      0.88      9711
           1       0.82      0.86      0.84      2421
           2       0.96      0.77      0.86      7458
           3       0.37      0.87      0.51       200
           4       0.72      0.83      0.77      2754

    accuracy                           0.85     22544
   macro avg       0.74      0.85      0.77     22544
weighted avg       0.86      0.85      0.85     22544

[[8813  301   32  138  427]
 [  10 2090  191   91   39]
 [1144  145 5745    7  417]
 [   4    1    0  174   21]
 [ 388    9    1   66 2290]]
