42
20201021_121225
0.8480305180979418
              precision    recall  f1-score   support

           0       0.91      0.85      0.88      9711
           1       0.78      0.90      0.84      2421
           2       0.90      0.79      0.84      7458
           3       0.50      0.82      0.62       200
           4       0.70      0.97      0.81      2754

    accuracy                           0.85     22544
   macro avg       0.76      0.86      0.80     22544
weighted avg       0.86      0.85      0.85     22544

[[8253  261  497   88  612]
 [  20 2176  171   22   32]
 [ 810  334 5867    4  443]
 [   4    0    0  164   32]
 [  23   14    6   53 2658]]
