38
20201021_133643
0.8480305180979418
              precision    recall  f1-score   support

           0       0.88      0.89      0.89      9711
           1       0.76      0.91      0.83      2421
           2       0.96      0.74      0.84      7458
           3       0.41      0.83      0.55       200
           4       0.70      0.93      0.80      2754

    accuracy                           0.85     22544
   macro avg       0.74      0.86      0.78     22544
weighted avg       0.87      0.85      0.85     22544

[[8648  311   85   88  579]
 [   1 2213  168   23   16]
 [1069  365 5531   35  458]
 [   0    0    0  166   34]
 [  76   21    4   93 2560]]
