34
20201021_095049
0.8481635911994322
              precision    recall  f1-score   support

           0       0.88      0.89      0.88      9711
           1       0.71      0.89      0.79      2421
           2       0.96      0.74      0.84      7458
           3       0.40      0.80      0.53       200
           4       0.75      0.96      0.84      2754

    accuracy                           0.85     22544
   macro avg       0.74      0.86      0.78     22544
weighted avg       0.87      0.85      0.85     22544

[[8620  329   19  164  579]
 [   2 2154  212   21   32]
 [1157  503 5547    0  251]
 [   8    2    3  160   27]
 [  28   26    0   60 2640]]
