43
20201021_130349
0.8481192334989354
              precision    recall  f1-score   support

           0       0.84      0.93      0.88      9711
           1       0.82      0.87      0.85      2421
           2       0.96      0.79      0.86      7458
           3       0.22      0.84      0.35       200
           4       0.83      0.72      0.77      2754

    accuracy                           0.85     22544
   macro avg       0.73      0.83      0.74     22544
weighted avg       0.87      0.85      0.85     22544

[[8997  264   53   71  326]
 [  16 2117  207   41   40]
 [1194  189 5856  211    8]
 [   8    1    0  169   22]
 [ 491    9    4  269 1981]]
