230
20201021_113113
0.848207948899929
              precision    recall  f1-score   support

           0       0.85      0.92      0.88      9711
           1       0.82      0.92      0.87      2421
           2       0.95      0.76      0.84      7458
           3       0.24      0.79      0.37       200
           4       0.80      0.80      0.80      2754

    accuracy                           0.85     22544
   macro avg       0.73      0.84      0.75     22544
weighted avg       0.87      0.85      0.85     22544

[[8896  245  126  105  339]
 [  20 2219  157   21    4]
 [1158  190 5642  262  206]
 [  14   16    0  158   12]
 [ 403   22    9  113 2207]]
