3
20201021_091058
0.8482523066004258
              precision    recall  f1-score   support

           0       0.89      0.89      0.89      9711
           1       0.76      0.80      0.78      2421
           2       0.95      0.81      0.87      7458
           3       0.33      0.78      0.46       200
           4       0.67      0.84      0.75      2754

    accuracy                           0.85     22544
   macro avg       0.72      0.82      0.75     22544
weighted avg       0.87      0.85      0.85     22544

[[8684  329   45   93  560]
 [ 101 1945  247  104   24]
 [ 665  262 6025    1  505]
 [   0   12    0  155   33]
 [ 304   15    4  117 2314]]
