30
20201021_105540
0.8483853797019163
              precision    recall  f1-score   support

           0       0.86      0.90      0.88      9711
           1       0.74      0.96      0.83      2421
           2       0.99      0.72      0.84      7458
           3       0.57      0.85      0.68       200
           4       0.71      0.90      0.79      2754

    accuracy                           0.85     22544
   macro avg       0.77      0.87      0.81     22544
weighted avg       0.87      0.85      0.85     22544

[[8773  316   12   69  541]
 [  12 2326   35   18   30]
 [1157  492 5391    0  418]
 [   3    0    0  171   26]
 [ 217   26    4   42 2465]]
