44
20201021_130353
0.8483410220014195
              precision    recall  f1-score   support

           0       0.84      0.93      0.88      9711
           1       0.82      0.88      0.85      2421
           2       0.96      0.78      0.86      7458
           3       0.22      0.84      0.35       200
           4       0.83      0.72      0.77      2754

    accuracy                           0.85     22544
   macro avg       0.74      0.83      0.74     22544
weighted avg       0.87      0.85      0.85     22544

[[8998  261   56   70  326]
 [  16 2122  199   41   43]
 [1206  190 5853  201    8]
 [   8    1    0  168   23]
 [ 490   10    3  267 1984]]
