47
20201021_205937
0.848429737402413
              precision    recall  f1-score   support

           0       0.88      0.87      0.87      9711
           1       0.81      0.87      0.84      2421
           2       0.97      0.77      0.86      7458
           3       0.51      0.86      0.64       200
           4       0.66      0.97      0.78      2754

    accuracy                           0.85     22544
   macro avg       0.77      0.87      0.80     22544
weighted avg       0.87      0.85      0.85     22544

[[8449  340   44   60  818]
 [  29 2105  136   46  105]
 [1144  131 5738    4  441]
 [   5    0    0  173   22]
 [  16    8   11   57 2662]]
