34
20201021_135530
0.8485184528034067
              precision    recall  f1-score   support

           0       0.92      0.84      0.88      9711
           1       0.82      0.92      0.87      2421
           2       0.91      0.83      0.87      7458
           3       0.13      0.90      0.23       200
           4       0.85      0.85      0.85      2754

    accuracy                           0.85     22544
   macro avg       0.73      0.87      0.74     22544
weighted avg       0.89      0.85      0.87     22544

[[8181  309  514  346  361]
 [  14 2232  122   32   21]
 [ 659  150 6203  446    0]
 [   0    0    0  179   21]
 [  20   21   12  367 2334]]
