45
20201021_122537
0.8485184528034067
              precision    recall  f1-score   support

           0       0.88      0.89      0.88      9711
           1       0.78      0.90      0.84      2421
           2       0.95      0.75      0.84      7458
           3       0.35      0.82      0.49       200
           4       0.71      0.93      0.80      2754

    accuracy                           0.85     22544
   macro avg       0.73      0.86      0.77     22544
weighted avg       0.87      0.85      0.85     22544

[[8616  324   75  110  586]
 [   1 2191  190   24   15]
 [1136  277 5602   23  420]
 [   6    1    0  165   28]
 [  25   12    6  156 2555]]
