48
20201021_101927
0.8485184528034067
              precision    recall  f1-score   support

           0       0.84      0.92      0.88      9711
           1       0.80      0.93      0.86      2421
           2       0.97      0.76      0.85      7458
           3       0.53      0.87      0.66       200
           4       0.72      0.78      0.75      2754

    accuracy                           0.85     22544
   macro avg       0.77      0.85      0.80     22544
weighted avg       0.86      0.85      0.85     22544

[[8911  322   55   40  383]
 [   7 2250  105   45   14]
 [1148  218 5650   13  429]
 [   0    0    0  174   26]
 [ 514   29   10   57 2144]]
