216
20201021_112938
0.8485184528034067
              precision    recall  f1-score   support

           0       0.84      0.92      0.88      9711
           1       0.82      0.92      0.87      2421
           2       0.95      0.76      0.84      7458
           3       0.26      0.80      0.39       200
           4       0.80      0.79      0.80      2754

    accuracy                           0.85     22544
   macro avg       0.74      0.84      0.76     22544
weighted avg       0.87      0.85      0.85     22544

[[8927  247  125   98  314]
 [  20 2222  155   20    4]
 [1177  189 5642  240  210]
 [  12   16    0  160   12]
 [ 439   22    9  106 2178]]
