75
20201021_090723
0.8485628105039035
              precision    recall  f1-score   support

           0       0.88      0.89      0.89      9711
           1       0.75      0.92      0.82      2421
           2       0.96      0.74      0.83      7458
           3       0.50      0.80      0.62       200
           4       0.71      0.93      0.80      2754

    accuracy                           0.85     22544
   macro avg       0.76      0.86      0.79     22544
weighted avg       0.87      0.85      0.85     22544

[[8679  323   66   74  569]
 [   2 2223  154    9   33]
 [1105  407 5500    0  446]
 [   8    9    0  159   24]
 [  83   21    6   75 2569]]
