91
20201021_113105
0.8486071682044003
              precision    recall  f1-score   support

           0       0.85      0.91      0.88      9711
           1       0.86      0.91      0.88      2421
           2       0.97      0.73      0.83      7458
           3       0.38      0.85      0.52       200
           4       0.71      0.90      0.79      2754

    accuracy                           0.85     22544
   macro avg       0.75      0.86      0.78     22544
weighted avg       0.87      0.85      0.85     22544

[[8861  247   90   52  461]
 [  11 2193   68   43  106]
 [1387   93 5434  128  416]
 [   1    0    0  171   28]
 [ 214    4    2   62 2472]]
