139
20201021_140401
0.8486515259048971
              precision    recall  f1-score   support

           0       0.90      0.87      0.88      9711
           1       0.79      0.84      0.82      2421
           2       0.89      0.82      0.85      7458
           3       0.21      0.94      0.34       200
           4       0.84      0.87      0.86      2754

    accuracy                           0.85     22544
   macro avg       0.73      0.87      0.75     22544
weighted avg       0.87      0.85      0.86     22544

[[8413  296  480  141  381]
 [  18 2035  258   61   49]
 [ 672  231 6110  445    0]
 [   1    0    0  188   11]
 [ 271    6    9   82 2386]]
