171
20201021_140635
0.8487845990063875
              precision    recall  f1-score   support

           0       0.90      0.89      0.90      9711
           1       0.75      0.77      0.76      2421
           2       0.89      0.81      0.85      7458
           3       0.20      0.94      0.33       200
           4       0.88      0.87      0.87      2754

    accuracy                           0.85     22544
   macro avg       0.72      0.86      0.74     22544
weighted avg       0.87      0.85      0.86     22544

[[8681  291  493  117  129]
 [   8 1871  247  103  192]
 [ 680  328 6005  445    0]
 [   8    0    0  188    4]
 [ 272    6    6   80 2390]]
