34
20201021_205730
0.8487402413058907
              precision    recall  f1-score   support

           0       0.88      0.89      0.88      9711
           1       0.81      0.83      0.82      2421
           2       0.94      0.76      0.84      7458
           3       0.40      0.83      0.54       200
           4       0.70      0.96      0.81      2754

    accuracy                           0.85     22544
   macro avg       0.75      0.85      0.78     22544
weighted avg       0.86      0.85      0.85     22544

[[8637  313   62   98  601]
 [   6 2000  330   32   53]
 [1143  138 5695   34  448]
 [   5    0    0  166   29]
 [  21    7    3   87 2636]]
