41
20201021_093751
0.8487402413058907
              precision    recall  f1-score   support

           0       0.89      0.90      0.90      9711
           1       0.72      0.89      0.79      2421
           2       0.96      0.76      0.85      7458
           3       0.33      0.84      0.47       200
           4       0.73      0.85      0.78      2754

    accuracy                           0.85     22544
   macro avg       0.72      0.85      0.76     22544
weighted avg       0.87      0.85      0.85     22544

[[8769  375   11  125  431]
 [   3 2157  235   19    7]
 [ 870  463 5699   18  408]
 [   0    0    0  169   31]
 [ 208   16    4  186 2340]]
