97
20201021_141527
0.8488289567068843
              precision    recall  f1-score   support

           0       0.88      0.91      0.89      9711
           1       0.75      0.93      0.83      2421
           2       0.96      0.73      0.83      7458
           3       0.17      0.88      0.29       200
           4       0.86      0.88      0.87      2754

    accuracy                           0.85     22544
   macro avg       0.72      0.86      0.74     22544
weighted avg       0.88      0.85      0.86     22544

[[8840  285   77  135  374]
 [   2 2242  149   18   10]
 [1143  443 5453  419    0]
 [   6    0    0  175   19]
 [  61   12    1  254 2426]]
