151
20201021_114612
0.8488289567068843
              precision    recall  f1-score   support

           0       0.86      0.89      0.88      9711
           1       0.78      0.86      0.82      2421
           2       0.95      0.77      0.85      7458
           3       0.53      0.83      0.65       200
           4       0.72      0.89      0.80      2754

    accuracy                           0.85     22544
   macro avg       0.77      0.85      0.80     22544
weighted avg       0.86      0.85      0.85     22544

[[8667  476   61   77  430]
 [  27 2094  223   17   60]
 [1146  118 5757    1  436]
 [   7    0    0  167   26]
 [ 238    7    6   52 2451]]
