157
20201021_085715
0.8489176721078779
              precision    recall  f1-score   support

           0       0.87      0.85      0.86      9711
           1       0.83      0.92      0.87      2421
           2       0.89      0.78      0.83      7458
           3       0.46      0.91      0.61       200
           4       0.79      0.95      0.86      2754

    accuracy                           0.85     22544
   macro avg       0.77      0.88      0.81     22544
weighted avg       0.86      0.85      0.85     22544

[[8287  280  555   64  525]
 [   4 2229  173   10    5]
 [1234  180 5833   50  161]
 [   2    0    0  181   17]
 [  46    8    7   85 2608]]
