25
20201021_090525
0.8489176721078779
              precision    recall  f1-score   support

           0       0.88      0.90      0.89      9711
           1       0.81      0.89      0.84      2421
           2       0.97      0.74      0.84      7458
           3       0.40      0.85      0.54       200
           4       0.68      0.92      0.78      2754

    accuracy                           0.85     22544
   macro avg       0.74      0.86      0.78     22544
weighted avg       0.87      0.85      0.85     22544

[[8774  294    7   86  550]
 [   2 2147  166   90   16]
 [1126  189 5519   10  614]
 [   0    3    0  171   26]
 [ 118   34    1   74 2527]]
