111
20201021_091221
0.8490507452093683
              precision    recall  f1-score   support

           0       0.87      0.92      0.89      9711
           1       0.78      0.90      0.84      2421
           2       0.96      0.73      0.83      7458
           3       0.52      0.86      0.65       200
           4       0.70      0.89      0.78      2754

    accuracy                           0.85     22544
   macro avg       0.77      0.86      0.80     22544
weighted avg       0.86      0.85      0.85     22544

[[8894  282   56   68  411]
 [   3 2190  191   24   13]
 [1136  296 5439    3  584]
 [   0    2    0  172   26]
 [ 215   30    0   63 2446]]
