57
20201021_102017
0.8490507452093683
              precision    recall  f1-score   support

           0       0.84      0.92      0.88      9711
           1       0.81      0.93      0.86      2421
           2       0.97      0.76      0.85      7458
           3       0.54      0.88      0.67       200
           4       0.71      0.78      0.75      2754

    accuracy                           0.85     22544
   macro avg       0.78      0.85      0.80     22544
weighted avg       0.86      0.85      0.85     22544

[[8914  310   56   39  392]
 [   7 2245  112   42   15]
 [1148  210 5660   11  429]
 [   1    0    0  176   23]
 [ 522   20   11   55 2146]]
