20
20201021_130158
0.8490063875088716
              precision    recall  f1-score   support

           0       0.86      0.92      0.89      9711
           1       0.79      0.91      0.85      2421
           2       0.96      0.82      0.88      7458
           3       0.18      0.85      0.29       200
           4       0.84      0.62      0.72      2754

    accuracy                           0.85     22544
   macro avg       0.73      0.82      0.73     22544
weighted avg       0.88      0.85      0.86     22544

[[8932  295   72  128  284]
 [   5 2210  177   26    3]
 [ 886  269 6116  183    4]
 [   3    2    0  170   25]
 [ 568   19    6  449 1712]]
