130
20201021_142722
0.8490951029098651
              precision    recall  f1-score   support

           0       0.90      0.88      0.89      9711
           1       0.77      0.84      0.80      2421
           2       0.91      0.79      0.84      7458
           3       0.40      0.86      0.54       200
           4       0.72      0.92      0.80      2754

    accuracy                           0.85     22544
   macro avg       0.74      0.86      0.78     22544
weighted avg       0.86      0.85      0.85     22544

[[8541  237  340   58  535]
 [   1 2027  272  108   13]
 [ 782  356 5878   15  427]
 [   0    0    0  172   28]
 [ 142    6    3   79 2524]]
