89
20201021_114055
0.8492725337118524
              precision    recall  f1-score   support

           0       0.84      0.91      0.88      9711
           1       0.84      0.91      0.87      2421
           2       0.97      0.77      0.86      7458
           3       0.54      0.83      0.66       200
           4       0.69      0.80      0.74      2754

    accuracy                           0.85     22544
   macro avg       0.78      0.84      0.80     22544
weighted avg       0.86      0.85      0.85     22544

[[8860  287   55   49  460]
 [   5 2210  125   31   50]
 [1151  140 5719   10  438]
 [   4    0    0  166   30]
 [ 500    8    6   49 2191]]
