94
20201021_121648
0.8492725337118524
              precision    recall  f1-score   support

           0       0.91      0.85      0.88      9711
           1       0.69      0.88      0.78      2421
           2       0.95      0.80      0.87      7458
           3       0.48      0.86      0.61       200
           4       0.70      0.97      0.81      2754

    accuracy                           0.85     22544
   macro avg       0.75      0.87      0.79     22544
weighted avg       0.87      0.85      0.85     22544

[[8209  652  151  101  598]
 [  40 2131  166   24   60]
 [ 760  276 5974    7  441]
 [   3    0    0  173   24]
 [  19   14    4   58 2659]]
