84
20201021_110115
0.8492725337118524
              precision    recall  f1-score   support

           0       0.86      0.91      0.89      9711
           1       0.73      0.96      0.83      2421
           2       0.98      0.72      0.83      7458
           3       0.57      0.83      0.68       200
           4       0.72      0.89      0.80      2754

    accuracy                           0.85     22544
   macro avg       0.77      0.86      0.80     22544
weighted avg       0.87      0.85      0.85     22544

[[8807  300   19   57  528]
 [  14 2318   58   19   12]
 [1116  559 5396    4  383]
 [  13    0    0  166   21]
 [ 240    5    6   44 2459]]
