35
20201021_090613
0.8494056068133428
              precision    recall  f1-score   support

           0       0.88      0.90      0.89      9711
           1       0.82      0.88      0.85      2421
           2       0.97      0.74      0.84      7458
           3       0.40      0.85      0.55       200
           4       0.67      0.93      0.78      2754

    accuracy                           0.85     22544
   macro avg       0.75      0.86      0.78     22544
weighted avg       0.87      0.85      0.85     22544

[[8756  284   32   76  563]
 [   6 2128  145  115   27]
 [1113  169 5526    1  649]
 [   0    4    0  170   26]
 [ 100   24    0   61 2569]]
