104
20201021_140339
0.8494056068133428
              precision    recall  f1-score   support

           0       0.88      0.90      0.89      9711
           1       0.82      0.91      0.86      2421
           2       0.98      0.72      0.83      7458
           3       0.40      0.87      0.55       200
           4       0.66      0.96      0.78      2754

    accuracy                           0.85     22544
   macro avg       0.75      0.87      0.78     22544
weighted avg       0.88      0.85      0.85     22544

[[8720  277    8  109  597]
 [   9 2199   82   42   89]
 [1151  213 5400   34  660]
 [   0    0    0  174   26]
 [  18    4    1   75 2656]]
