66
20201021_141233
0.8495386799148332
              precision    recall  f1-score   support

           0       0.85      0.92      0.88      9711
           1       0.84      0.87      0.86      2421
           2       0.94      0.78      0.85      7458
           3       0.58      0.82      0.68       200
           4       0.71      0.79      0.75      2754

    accuracy                           0.85     22544
   macro avg       0.78      0.83      0.80     22544
weighted avg       0.86      0.85      0.85     22544

[[8904  244  123   43  397]
 [   1 2108  263   25   24]
 [1075  132 5813    7  431]
 [   8    1    0  164   27]
 [ 528   10    8   45 2163]]
