81
20201021_195455
0.8495386799148332
              precision    recall  f1-score   support

           0       0.87      0.91      0.89      9711
           1       0.83      0.86      0.84      2421
           2       0.97      0.81      0.88      7458
           3       0.26      0.79      0.40       200
           4       0.67      0.75      0.71      2754

    accuracy                           0.85     22544
   macro avg       0.72      0.82      0.74     22544
weighted avg       0.87      0.85      0.86     22544

[[8794  266   44  190  417]
 [  10 2088  147   35  141]
 [ 779  126 6052   55  446]
 [   0   16    0  157   27]
 [ 489   31   17  156 2061]]
