60
20201021_140501
0.8496273953158269
              precision    recall  f1-score   support

           0       0.86      0.91      0.88      9711
           1       0.80      0.84      0.82      2421
           2       0.96      0.76      0.85      7458
           3       0.35      0.83      0.50       200
           4       0.72      0.89      0.80      2754

    accuracy                           0.85     22544
   macro avg       0.74      0.85      0.77     22544
weighted avg       0.87      0.85      0.85     22544

[[8802  288   53   94  474]
 [  32 2038  191   93   67]
 [1146  201 5688   42  381]
 [   8    4    0  167   21]
 [ 211    8    1   75 2459]]
