119
20201021_094221
0.8498935415188077
              precision    recall  f1-score   support

           0       0.88      0.92      0.90      9711
           1       0.81      0.71      0.76      2421
           2       0.94      0.77      0.85      7458
           3       0.31      0.83      0.45       200
           4       0.72      0.93      0.81      2754

    accuracy                           0.85     22544
   macro avg       0.73      0.83      0.75     22544
weighted avg       0.87      0.85      0.85     22544

[[8962  252  100   50  347]
 [   1 1720  265  202  233]
 [1141  130 5745   39  403]
 [  12    2    0  166   20]
 [  82   11   12   82 2567]]
