117
20201021_114315
0.8498935415188077
              precision    recall  f1-score   support

           0       0.84      0.91      0.88      9711
           1       0.84      0.91      0.87      2421
           2       0.96      0.77      0.86      7458
           3       0.53      0.84      0.65       200
           4       0.70      0.79      0.74      2754

    accuracy                           0.85     22544
   macro avg       0.77      0.85      0.80     22544
weighted avg       0.86      0.85      0.85     22544

[[8871  283   68   78  411]
 [   6 2204  145   20   46]
 [1150  134 5738    2  434]
 [   1    0    0  169   30]
 [ 513    5    7   51 2178]]
