27
20201021_130505
0.8498935415188077
              precision    recall  f1-score   support

           0       0.88      0.89      0.89      9711
           1       0.77      0.96      0.85      2421
           2       0.99      0.71      0.83      7458
           3       0.34      0.84      0.48       200
           4       0.70      0.97      0.81      2754

    accuracy                           0.85     22544
   macro avg       0.74      0.88      0.77     22544
weighted avg       0.88      0.85      0.85     22544

[[8671  291   18   69  662]
 [   2 2328   30   44   17]
 [1149  404 5332  156  417]
 [   5    0    0  169   26]
 [  20   11    1   62 2660]]
