64
20201021_140520
0.849804826117814
              precision    recall  f1-score   support

           0       0.86      0.91      0.88      9711
           1       0.80      0.84      0.82      2421
           2       0.96      0.76      0.85      7458
           3       0.35      0.84      0.50       200
           4       0.72      0.89      0.80      2754

    accuracy                           0.85     22544
   macro avg       0.74      0.85      0.77     22544
weighted avg       0.87      0.85      0.85     22544

[[8808  288   53  101  461]
 [  35 2037  193   89   67]
 [1146  193 5696   40  383]
 [   8    4    0  168   20]
 [ 218    9    1   77 2449]]
