Epoch: 199
20201120_220010
Accuracy: 0.8607611781405252
Classification Report:
              precision    recall  f1-score   support

           0       0.87      0.91      0.89      9711
           1       0.70      0.78      0.74      2421
           2       0.95      0.89      0.92      7458
           3       0.41      0.77      0.53       200
           4       0.81      0.69      0.74      2754

    accuracy                           0.86     22544
   macro avg       0.75      0.81      0.76     22544
weighted avg       0.87      0.86      0.86     22544

Confusion Matrix:
[[8851  637  126   36   61]
 [ 166 1893  181   15  166]
 [ 529  106 6607    8  208]
 [  11   19    0  153   17]
 [ 623   62    7  161 1901]]
