Epoch: 199
20201120_104417
Accuracy: 0.8672817601135557
Classification Report:
              precision    recall  f1-score   support

           0       0.89      0.91      0.90      9711
           1       0.71      0.79      0.75      2421
           2       0.95      0.91      0.93      7458
           3       0.24      0.79      0.37       200
           4       0.86      0.70      0.77      2754

    accuracy                           0.87     22544
   macro avg       0.73      0.82      0.74     22544
weighted avg       0.88      0.87      0.87     22544

Confusion Matrix:
[[8794  646  133   55   83]
 [  42 1903  191   65  220]
 [ 302  121 6782  249    4]
 [  11    7   15  158    9]
 [ 693    9   17  120 1915]]
