Epoch: 24
20201112_133316
Accuracy: 0.8604950319375444
Classification Report:
              precision    recall  f1-score   support

           0       0.95      0.84      0.89      7458
           1       0.88      0.86      0.87      9711
           2       0.80      0.91      0.85      2754
           3       0.75      0.87      0.80      2421
           4       0.32      0.82      0.46       200

    accuracy                           0.86     22544
   macro avg       0.74      0.86      0.78     22544
weighted avg       0.87      0.86      0.86     22544

Confusion Matrix:
[[6299 1040    4   31   84]
 [ 182 8319  494  660   56]
 [  47   39 2513   12  143]
 [ 119    8  123 2104   67]
 [   9    1   26    0  164]]
