Epoch: 86
20201112_135212
Accuracy: 0.8604950319375444
Classification Report:
              precision    recall  f1-score   support

           0       0.97      0.84      0.90      7458
           1       0.84      0.91      0.87      9711
           2       0.86      0.76      0.81      2754
           3       0.74      0.88      0.80      2421
           4       0.46      0.77      0.57       200

    accuracy                           0.86     22544
   macro avg       0.77      0.83      0.79     22544
weighted avg       0.87      0.86      0.86     22544

Confusion Matrix:
[[6234  981  144   70   29]
 [  84 8797  145  663   22]
 [   3  599 2091    9   52]
 [ 119   87   14 2124   77]
 [   0   20   27    0  153]]
