Epoch: 143
20201112_190843
Accuracy: 0.8605393896380412
Classification Report:
              precision    recall  f1-score   support

           0       0.92      0.90      0.91      9711
           1       0.88      0.72      0.79      2421
           2       0.91      0.88      0.89      7458
           3       0.14      0.81      0.24       200
           4       0.79      0.81      0.80      2754

    accuracy                           0.86     22544
   macro avg       0.73      0.83      0.73     22544
weighted avg       0.89      0.86      0.87     22544

Confusion Matrix:
[[8697  192  457  203  162]
 [   4 1755  155  471   36]
 [ 417   25 6542   98  376]
 [  13   16    1  163    7]
 [ 273    8    9  221 2243]]
