Epoch: 72
20201112_134807
Accuracy: 0.8610716820440029
Classification Report:
              precision    recall  f1-score   support

           0       0.97      0.84      0.90      7458
           1       0.84      0.91      0.87      9711
           2       0.87      0.76      0.81      2754
           3       0.75      0.88      0.81      2421
           4       0.43      0.76      0.55       200

    accuracy                           0.86     22544
   macro avg       0.77      0.83      0.79     22544
weighted avg       0.87      0.86      0.86     22544

Confusion Matrix:
[[6239 1011  125   48   35]
 [  84 8807  133  661   26]
 [   1  594 2089   10   60]
 [ 119   67   29 2125   81]
 [   0   21   25    2  152]]
