Epoch: 175
20201112_202754
Accuracy: 0.8620475514549326
Classification Report:
              precision    recall  f1-score   support

           0       0.94      0.88      0.91      9711
           1       0.72      0.88      0.79      2421
           2       0.97      0.86      0.91      7458
           3       0.18      0.82      0.29       200
           4       0.72      0.80      0.76      2754

    accuracy                           0.86     22544
   macro avg       0.71      0.85      0.73     22544
weighted avg       0.90      0.86      0.87     22544

Confusion Matrix:
[[8538  672   89   80  332]
 [  31 2123  102   84   81]
 [ 337  113 6407  186  415]
 [  20    7    0  164    9]
 [ 127   19    3  403 2202]]
