Epoch: 178
20201112_202831
Accuracy: 0.8632895670688432
Classification Report:
              precision    recall  f1-score   support

           0       0.93      0.88      0.91      9711
           1       0.72      0.88      0.80      2421
           2       0.97      0.86      0.91      7458
           3       0.20      0.84      0.32       200
           4       0.73      0.79      0.76      2754

    accuracy                           0.86     22544
   macro avg       0.71      0.85      0.74     22544
weighted avg       0.89      0.86      0.87     22544

Confusion Matrix:
[[8563  673   92   61  322]
 [  45 2137  102   54   83]
 [ 374  114 6427  154  389]
 [  20    3    0  168    9]
 [ 161   22    5  399 2167]]
