Epoch: 23
20201112_170441
Accuracy: 0.8646646557842441
Classification Report:
              precision    recall  f1-score   support

           0       0.95      0.85      0.89      7458
           1       0.92      0.87      0.90      9711
           2       0.71      0.93      0.80      2754
           3       0.71      0.81      0.75      2421
           4       0.58      0.83      0.69       200

    accuracy                           0.86     22544
   macro avg       0.77      0.86      0.81     22544
weighted avg       0.88      0.86      0.87     22544

Confusion Matrix:
[[6316  599  458   84    1]
 [ 118 8489  328  710   66]
 [  49   95 2563    5   42]
 [ 173   19  261 1958   10]
 [   1    9    7   16  167]]
