Epoch: 25
20201112_183430
Accuracy: 0.8647090134847409
Classification Report:
              precision    recall  f1-score   support

           0       0.93      0.86      0.89      9711
           1       0.74      0.84      0.79      2421
           2       0.95      0.87      0.91      7458
           3       0.26      0.84      0.39       200
           4       0.74      0.89      0.81      2754

    accuracy                           0.86     22544
   macro avg       0.72      0.86      0.76     22544
weighted avg       0.89      0.86      0.87     22544

Confusion Matrix:
[[8303  641  193   74  500]
 [   4 2040  103   37  237]
 [ 598   68 6519  163  110]
 [  10    5    8  168    9]
 [  54   10   11  215 2464]]
