Epoch: 46
20201112_134016
Accuracy: 0.8651969481902059
Classification Report:
              precision    recall  f1-score   support

           0       0.96      0.85      0.90      7458
           1       0.85      0.90      0.88      9711
           2       0.87      0.80      0.83      2754
           3       0.75      0.87      0.81      2421
           4       0.35      0.78      0.48       200

    accuracy                           0.87     22544
   macro avg       0.76      0.84      0.78     22544
weighted avg       0.88      0.87      0.87     22544

Confusion Matrix:
[[6331  996   14   39   78]
 [ 103 8717  202  653   36]
 [   6  441 2193   10  104]
 [ 125   24   86 2108   78]
 [   1   19   24    0  156]]
