Epoch: 13
20201112_170139
Accuracy: 0.8654187366926899
Classification Report:
              precision    recall  f1-score   support

           0       0.97      0.84      0.90      7458
           1       0.93      0.87      0.90      9711
           2       0.70      0.94      0.80      2754
           3       0.70      0.83      0.76      2421
           4       0.49      0.82      0.61       200

    accuracy                           0.87     22544
   macro avg       0.76      0.86      0.79     22544
weighted avg       0.88      0.87      0.87     22544

Confusion Matrix:
[[6294  592  459  111    2]
 [  98 8468  327  735   83]
 [  12   81 2582    6   73]
 [ 112    3  289 2001   16]
 [   5    8    7   15  165]]
