Epoch: 19
20201112_181515
Accuracy: 0.8669712562100781
Classification Report:
              precision    recall  f1-score   support

           0       0.90      0.91      0.91      9711
           1       0.73      0.79      0.76      2421
           2       0.96      0.87      0.91      7458
           3       0.20      0.41      0.27       200
           4       0.75      0.81      0.78      2754

    accuracy                           0.87     22544
   macro avg       0.71      0.76      0.72     22544
weighted avg       0.88      0.87      0.87     22544

Confusion Matrix:
[[8878  318  135   67  313]
 [ 215 1905  112   17  172]
 [ 624   50 6457   66  261]
 [  10   97    1   82   10]
 [  94  250    5  182 2223]]
