Epoch: 25
20201112_173927
Accuracy: 0.8673704755145494
Classification Report:
              precision    recall  f1-score   support

           0       0.89      0.88      0.89      7458
           1       0.94      0.87      0.90      9711
           2       0.77      0.90      0.83      2754
           3       0.83      0.79      0.81      2421
           4       0.26      0.88      0.41       200

    accuracy                           0.87     22544
   macro avg       0.74      0.86      0.77     22544
weighted avg       0.88      0.87      0.87     22544

Confusion Matrix:
[[6575  474  165  160   84]
 [ 604 8406  402  215   84]
 [  10   86 2474    7  177]
 [ 174    6  174 1924  143]
 [   0    4   11   10  175]]
