Epoch: 17
20201112_170312
Accuracy: 0.869277856635912
Classification Report:
              precision    recall  f1-score   support

           0       0.92      0.87      0.89      7458
           1       0.93      0.90      0.92      9711
           2       0.74      0.84      0.78      2754
           3       0.85      0.79      0.82      2421
           4       0.22      0.85      0.35       200

    accuracy                           0.87     22544
   macro avg       0.73      0.85      0.75     22544
weighted avg       0.89      0.87      0.88     22544

Confusion Matrix:
[[6467  546  218   71  156]
 [ 280 8736  372  243   80]
 [ 191   69 2302    7  185]
 [  97    8  213 1922  181]
 [   7    5   11    7  170]]
