Epoch: 29
20201112_183517
Accuracy: 0.8698988644428672
Classification Report:
              precision    recall  f1-score   support

           0       0.93      0.86      0.89      9711
           1       0.74      0.85      0.79      2421
           2       0.96      0.87      0.91      7458
           3       0.25      0.83      0.39       200
           4       0.76      0.90      0.83      2754

    accuracy                           0.87     22544
   macro avg       0.73      0.86      0.76     22544
weighted avg       0.89      0.87      0.88     22544

Confusion Matrix:
[[8390  643  176   71  431]
 [   3 2049  103   35  231]
 [ 600   59 6524  172  103]
 [  11    6    8  166    9]
 [  42    9   13  208 2482]]
