Epoch: 13
20201121_154542
Accuracy: 0.8700319375443577
Classification Report:
              precision    recall  f1-score   support

           0       0.96      0.87      0.91      9711
           1       0.70      0.75      0.72      2421
           2       0.96      0.90      0.93      7458
           3       0.31      0.75      0.44       200
           4       0.68      0.90      0.77      2754

    accuracy                           0.87     22544
   macro avg       0.72      0.83      0.76     22544
weighted avg       0.89      0.87      0.88     22544

Confusion Matrix:
[[8451  657  144   57  402]
 [   7 1806  129   17  462]
 [ 298   82 6733   76  269]
 [   8   13    1  150   28]
 [  85    4    2  189 2474]]
