Epoch: 9
20201121_162401
Accuracy: 0.8701650106458482
Classification Report:
              precision    recall  f1-score   support

           0       0.96      0.87      0.91      9711
           1       0.71      0.78      0.75      2421
           2       0.96      0.89      0.93      7458
           3       0.17      0.71      0.27       200
           4       0.74      0.90      0.81      2754

    accuracy                           0.87     22544
   macro avg       0.71      0.83      0.73     22544
weighted avg       0.90      0.87      0.88     22544

Confusion Matrix:
[[8454  660  164   44  389]
 [   1 1895   74  319  132]
 [ 251   82 6649  162  314]
 [  10   24    2  142   22]
 [  93    5    6  173 2477]]
