Epoch: 35
20201121_175348
Accuracy: 0.8702980837473385
Classification Report:
              precision    recall  f1-score   support

           0       0.94      0.88      0.91      9711
           1       0.72      0.81      0.76      2421
           2       0.97      0.89      0.93      7458
           3       0.24      0.80      0.37       200
           4       0.73      0.87      0.79      2754

    accuracy                           0.87     22544
   macro avg       0.72      0.85      0.75     22544
weighted avg       0.89      0.87      0.88     22544

Confusion Matrix:
[[8507  696  135   62  311]
 [ 101 1967   73  217   63]
 [ 210   59 6601   98  490]
 [  10   18    0  160   12]
 [ 238    1    4  126 2385]]
