Epoch: 12
20201121_162538
Accuracy: 0.8705642299503193
Classification Report:
              precision    recall  f1-score   support

           0       0.97      0.87      0.92      9711
           1       0.71      0.78      0.74      2421
           2       0.96      0.90      0.93      7458
           3       0.18      0.75      0.28       200
           4       0.73      0.90      0.81      2754

    accuracy                           0.87     22544
   macro avg       0.71      0.84      0.74     22544
weighted avg       0.90      0.87      0.88     22544

Confusion Matrix:
[[8449  648  169   57  388]
 [   1 1877  118  308  117]
 [ 163   82 6675  156  382]
 [  14   18    0  150   18]
 [  83    7    7  182 2475]]
