Epoch: 28
20201121_171439
Accuracy: 0.8708303761533002
Classification Report:
              precision    recall  f1-score   support

           0       0.91      0.88      0.90      9711
           1       0.73      0.80      0.76      2421
           2       0.93      0.92      0.92      7458
           3       0.45      0.62      0.52       200
           4       0.75      0.78      0.77      2754

    accuracy                           0.87     22544
   macro avg       0.75      0.80      0.77     22544
weighted avg       0.87      0.87      0.87     22544

Confusion Matrix:
[[8591  650  182   34  254]
 [  86 1931  291   78   35]
 [ 190   40 6842    6  380]
 [  23   18    2  125   32]
 [ 523    8   45   35 2143]]
