Epoch: 18
20201121_140018
Accuracy: 0.8711852377572746
Classification Report:
              precision    recall  f1-score   support

           0       0.93      0.88      0.90      9711
           1       0.72      0.84      0.78      2421
           2       0.93      0.89      0.91      7458
           3       0.56      0.67      0.61       200
           4       0.74      0.84      0.79      2754

    accuracy                           0.87     22544
   macro avg       0.78      0.82      0.80     22544
weighted avg       0.88      0.87      0.87     22544

Confusion Matrix:
[[8536  654  142   37  342]
 [   0 2045  235   34  107]
 [ 391  113 6621    0  333]
 [  24   25    4  133   14]
 [ 277    7  132   33 2305]]
