Epoch: 25
20201121_163255
Accuracy: 0.8712295954577715
Classification Report:
              precision    recall  f1-score   support

           0       0.94      0.88      0.91      9711
           1       0.70      0.82      0.76      2421
           2       0.94      0.89      0.91      7458
           3       0.56      0.74      0.64       200
           4       0.70      0.86      0.77      2754

    accuracy                           0.87     22544
   macro avg       0.77      0.84      0.80     22544
weighted avg       0.88      0.87      0.87     22544

Confusion Matrix:
[[8523  690  156   29  313]
 [   5 1977  134   27  278]
 [ 298  111 6622    2  425]
 [   8   19    3  148   22]
 [ 196   10  120   57 2371]]
