Epoch: 11
20201121_001551
Accuracy: 0.8712739531582683
Classification Report:
              precision    recall  f1-score   support

           0       0.95      0.88      0.91      9711
           1       0.72      0.80      0.76      2421
           2       0.96      0.89      0.92      7458
           3       0.17      0.79      0.28       200
           4       0.77      0.87      0.82      2754

    accuracy                           0.87     22544
   macro avg       0.72      0.85      0.74     22544
weighted avg       0.90      0.87      0.88     22544

Confusion Matrix:
[[8517  648  166   58  322]
 [   8 1943   71   59  340]
 [ 301   93 6625  420   19]
 [   6   18    0  158   18]
 [ 109    8   22  216 2399]]
