Epoch: 38
20201121_141136
Accuracy: 0.8715400993612491
Classification Report:
              precision    recall  f1-score   support

           0       0.92      0.90      0.91      9711
           1       0.70      0.81      0.75      2421
           2       0.95      0.88      0.92      7458
           3       0.27      0.70      0.39       200
           4       0.78      0.80      0.79      2754

    accuracy                           0.87     22544
   macro avg       0.73      0.82      0.75     22544
weighted avg       0.89      0.87      0.88     22544

Confusion Matrix:
[[8727  663  131   56  134]
 [   5 1969   81  217  149]
 [ 338  140 6597   50  333]
 [  25   24    1  140   10]
 [ 363   13  115   48 2215]]
