Epoch: 38
20201121_003411
Accuracy: 0.8718949609652236
Classification Report:
              precision    recall  f1-score   support

           0       0.94      0.87      0.90      9711
           1       0.72      0.78      0.75      2421
           2       0.95      0.90      0.93      7458
           3       0.33      0.80      0.46       200
           4       0.72      0.88      0.80      2754

    accuracy                           0.87     22544
   macro avg       0.73      0.85      0.77     22544
weighted avg       0.89      0.87      0.88     22544

Confusion Matrix:
[[8476  677  138   42  378]
 [ 134 1885  128   99  175]
 [ 312   42 6704   40  360]
 [  13   18    0  159   10]
 [ 102    5   66  149 2432]]
