Epoch: 42
20201121_175637
Accuracy: 0.8719836763662172
Classification Report:
              precision    recall  f1-score   support

           0       0.94      0.88      0.91      9711
           1       0.72      0.79      0.75      2421
           2       0.94      0.89      0.91      7458
           3       0.30      0.64      0.41       200
           4       0.75      0.89      0.81      2754

    accuracy                           0.87     22544
   macro avg       0.73      0.82      0.76     22544
weighted avg       0.89      0.87      0.88     22544

Confusion Matrix:
[[8536  665  122   63  325]
 [   7 1908  324  123   59]
 [ 325   46 6646   21  420]
 [  15   38    0  128   19]
 [ 209    5    6   94 2440]]
