Epoch: 38
20201121_141136
Accuracy: 0.8721611071682044
Classification Report:
              precision    recall  f1-score   support

           0       0.92      0.90      0.91      9711
           1       0.72      0.81      0.76      2421
           2       0.92      0.90      0.91      7458
           3       0.57      0.69      0.62       200
           4       0.77      0.80      0.79      2754

    accuracy                           0.87     22544
   macro avg       0.78      0.82      0.80     22544
weighted avg       0.88      0.87      0.87     22544

Confusion Matrix:
[[8693  651  178   16  173]
 [   2 1949  275   23  172]
 [ 387   68 6676   32  295]
 [  23   18    9  139   11]
 [ 367    6  141   35 2205]]
