Epoch: 8
20201121_162339
Accuracy: 0.872249822569198
Classification Report:
              precision    recall  f1-score   support

           0       0.96      0.86      0.91      9711
           1       0.71      0.84      0.77      2421
           2       0.94      0.88      0.91      7458
           3       0.36      0.76      0.49       200
           4       0.71      0.92      0.80      2754

    accuracy                           0.87     22544
   macro avg       0.74      0.85      0.78     22544
weighted avg       0.89      0.87      0.88     22544

Confusion Matrix:
[[8345  684  129   54  499]
 [   4 2024  186  147   60]
 [ 286  113 6598   11  450]
 [   7   20    1  152   20]
 [  57   17   82   53 2545]]
