Epoch: 37
20201121_141100
Accuracy: 0.8722941802696949
Classification Report:
              precision    recall  f1-score   support

           0       0.93      0.90      0.92      9711
           1       0.71      0.81      0.76      2421
           2       0.95      0.89      0.92      7458
           3       0.26      0.69      0.38       200
           4       0.76      0.79      0.77      2754

    accuracy                           0.87     22544
   macro avg       0.72      0.82      0.75     22544
weighted avg       0.89      0.87      0.88     22544

Confusion Matrix:
[[8742  661  124   52  132]
 [   8 1968   84  235  126]
 [ 215  122 6643   52  426]
 [  25   24    2  139   10]
 [ 375   12  146   48 2173]]
