Epoch: 66
20201121_142728
Accuracy: 0.8726046841731725
Classification Report:
              precision    recall  f1-score   support

           0       0.93      0.90      0.91      9711
           1       0.71      0.85      0.77      2421
           2       0.94      0.90      0.92      7458
           3       0.39      0.70      0.50       200
           4       0.75      0.74      0.74      2754

    accuracy                           0.87     22544
   macro avg       0.74      0.82      0.77     22544
weighted avg       0.88      0.87      0.88     22544

Confusion Matrix:
[[8750  673  128   32  128]
 [   7 2054   85  140  135]
 [ 198  129 6702    8  421]
 [  24   24    3  140    9]
 [ 467   18  200   43 2026]]
