Epoch: 14
20201121_154623
Accuracy: 0.8727821149751597
Classification Report:
              precision    recall  f1-score   support

           0       0.95      0.88      0.91      9711
           1       0.70      0.75      0.72      2421
           2       0.96      0.89      0.92      7458
           3       0.27      0.77      0.40       200
           4       0.73      0.93      0.82      2754

    accuracy                           0.87     22544
   macro avg       0.72      0.84      0.76     22544
weighted avg       0.89      0.87      0.88     22544

Confusion Matrix:
[[8509  660  165   48  329]
 [ 122 1805  105  172  217]
 [ 261   87 6659   81  370]
 [  10   18    5  153   14]
 [  66    3   23  112 2550]]
