Epoch: 45
20201121_160725
Accuracy: 0.8727821149751597
Classification Report:
              precision    recall  f1-score   support

           0       0.92      0.90      0.91      9711
           1       0.79      0.74      0.76      2421
           2       0.87      0.92      0.89      7458
           3       0.31      0.75      0.44       200
           4       0.86      0.77      0.81      2754

    accuracy                           0.87     22544
   macro avg       0.75      0.82      0.77     22544
weighted avg       0.88      0.87      0.87     22544

Confusion Matrix:
[[8771  306  493   30  111]
 [  24 1780  388   45  184]
 [ 302  145 6845  138   28]
 [   8   10   12  150   20]
 [ 395    4  107  118 2130]]
