Epoch: 35
20201121_175409
Accuracy: 0.8727377572746629
Classification Report:
              precision    recall  f1-score   support

           0       0.93      0.88      0.90      9711
           1       0.72      0.79      0.75      2421
           2       0.94      0.89      0.92      7458
           3       0.36      0.70      0.47       200
           4       0.75      0.88      0.81      2754

    accuracy                           0.87     22544
   macro avg       0.74      0.83      0.77     22544
weighted avg       0.88      0.87      0.88     22544

Confusion Matrix:
[[8537  678  126   50  320]
 [  28 1915  259   92  127]
 [ 402   44 6650   17  345]
 [  16   29    0  140   15]
 [ 219    4    6   92 2433]]
