Epoch: 13
20201121_170348
Accuracy: 0.8732256919801278
Classification Report:
              precision    recall  f1-score   support

           0       0.90      0.88      0.89      9711
           1       0.72      0.78      0.75      2421
           2       0.95      0.94      0.94      7458
           3       0.33      0.64      0.43       200
           4       0.81      0.77      0.79      2754

    accuracy                           0.87     22544
   macro avg       0.74      0.80      0.76     22544
weighted avg       0.88      0.87      0.88     22544

Confusion Matrix:
[[8547  654  161   24  325]
 [   2 1900  215  154  150]
 [ 320   73 6990   67    8]
 [  30   18    0  128   24]
 [ 586    8   19   20 2121]]
