Epoch: 28
20201121_171438
Accuracy: 0.8732256919801278
Classification Report:
              precision    recall  f1-score   support

           0       0.92      0.89      0.91      9711
           1       0.68      0.76      0.72      2421
           2       0.93      0.95      0.94      7458
           3       0.20      0.55      0.30       200
           4       0.86      0.76      0.80      2754

    accuracy                           0.87     22544
   macro avg       0.72      0.78      0.73     22544
weighted avg       0.89      0.87      0.88     22544

Confusion Matrix:
[[8611  684  142   31  243]
 [  77 1828  330  142   44]
 [ 181   59 7057  125   36]
 [  37   31    6  109   17]
 [ 412   81   49  131 2081]]
