Epoch: 16
20201121_170551
Accuracy: 0.8735805535841022
Classification Report:
              precision    recall  f1-score   support

           0       0.95      0.88      0.91      9711
           1       0.68      0.76      0.72      2421
           2       0.94      0.93      0.94      7458
           3       0.16      0.55      0.24       200
           4       0.83      0.82      0.82      2754

    accuracy                           0.87     22544
   macro avg       0.71      0.79      0.73     22544
weighted avg       0.89      0.87      0.88     22544

Confusion Matrix:
[[8564  695  143   25  284]
 [  11 1831  292  144  143]
 [ 181   45 6945  279    8]
 [  36   30    4  109   21]
 [ 266   92   10  141 2245]]
