Epoch: 43
20201121_183212
Accuracy: 0.8735805535841022
Classification Report:
              precision    recall  f1-score   support

           0       0.93      0.89      0.91      9711
           1       0.70      0.82      0.75      2421
           2       0.93      0.89      0.91      7458
           3       0.37      0.38      0.37       200
           4       0.76      0.85      0.80      2754

    accuracy                           0.87     22544
   macro avg       0.74      0.76      0.75     22544
weighted avg       0.88      0.87      0.88     22544

Confusion Matrix:
[[8674  702  165   31  139]
 [   4 1981  216   52  168]
 [ 301  106 6626    2  423]
 [  20   46   47   75   12]
 [ 316   10   46   44 2338]]
