Epoch: 22
20201121_155149
Accuracy: 0.873624911284599
Classification Report:
              precision    recall  f1-score   support

           0       0.93      0.89      0.91      9711
           1       0.76      0.73      0.74      2421
           2       0.91      0.93      0.92      7458
           3       0.26      0.79      0.39       200
           4       0.81      0.82      0.82      2754

    accuracy                           0.87     22544
   macro avg       0.73      0.83      0.76     22544
weighted avg       0.89      0.87      0.88     22544

Confusion Matrix:
[[8598  453  357   43  260]
 [  57 1768  338   65  193]
 [ 267  107 6908  137   39]
 [   3    7    1  158   31]
 [ 273    3   12  203 2263]]
