Epoch: 44
20201121_175721
Accuracy: 0.8742459190915542
Classification Report:
              precision    recall  f1-score   support

           0       0.94      0.88      0.91      9711
           1       0.71      0.78      0.74      2421
           2       0.96      0.89      0.93      7458
           3       0.22      0.72      0.34       200
           4       0.75      0.91      0.83      2754

    accuracy                           0.87     22544
   macro avg       0.72      0.84      0.75     22544
weighted avg       0.90      0.87      0.88     22544

Confusion Matrix:
[[8509  680  121   68  333]
 [  63 1883  125  267   83]
 [ 314   49 6657   52  386]
 [  21   19    0  145   15]
 [ 100    5   10  124 2515]]
