Epoch: 37
20201121_152243
Accuracy: 0.8745564229950319
Classification Report:
              precision    recall  f1-score   support

           0       0.90      0.93      0.92      9711
           1       0.86      0.83      0.84      2421
           2       0.92      0.87      0.89      7458
           3       0.81      0.66      0.73       200
           4       0.69      0.73      0.71      2754

    accuracy                           0.87     22544
   macro avg       0.84      0.80      0.82     22544
weighted avg       0.88      0.87      0.87     22544

Confusion Matrix:
[[9056  225  123   10  297]
 [  78 2003  327    1   12]
 [ 320   78 6511    1  548]
 [   9   18   10  132   31]
 [ 579   13  130   18 2014]]
