Epoch: 21
20201121_155104
Accuracy: 0.8746894960965224
Classification Report:
              precision    recall  f1-score   support

           0       0.93      0.89      0.91      9711
           1       0.71      0.79      0.75      2421
           2       0.96      0.91      0.93      7458
           3       0.29      0.77      0.43       200
           4       0.75      0.81      0.78      2754

    accuracy                           0.87     22544
   macro avg       0.73      0.83      0.76     22544
weighted avg       0.89      0.87      0.88     22544

Confusion Matrix:
[[8651  680  141   33  206]
 [  79 1916  137   77  212]
 [ 235   76 6771   83  293]
 [   9   18    0  154   19]
 [ 325    9   16  177 2227]]
