Epoch: 23
20201121_155230
Accuracy: 0.8750887154009936
Classification Report:
              precision    recall  f1-score   support

           0       0.93      0.89      0.91      9711
           1       0.71      0.75      0.73      2421
           2       0.94      0.92      0.93      7458
           3       0.28      0.79      0.42       200
           4       0.78      0.83      0.81      2754

    accuracy                           0.88     22544
   macro avg       0.73      0.83      0.76     22544
weighted avg       0.89      0.88      0.88     22544

Confusion Matrix:
[[8610  612  193   45  251]
 [  22 1820  243   64  272]
 [ 295  117 6856  114   76]
 [   4    6    2  157   31]
 [ 278   10    6  175 2285]]
