Epoch: 40
20201121_160402
Accuracy: 0.8756210078069553
Classification Report:
              precision    recall  f1-score   support

           0       0.93      0.89      0.91      9711
           1       0.70      0.75      0.73      2421
           2       0.93      0.91      0.92      7458
           3       0.25      0.81      0.39       200
           4       0.86      0.84      0.85      2754

    accuracy                           0.88     22544
   macro avg       0.73      0.84      0.76     22544
weighted avg       0.89      0.88      0.88     22544

Confusion Matrix:
[[8653  639  175   31  213]
 [ 102 1820  309   59  131]
 [ 260  107 6787  284   20]
 [   6   16    1  162   15]
 [ 284    5   47  100 2318]]
