Epoch: 3
20201121_165629
Accuracy: 0.8761089425124201
Classification Report:
              precision    recall  f1-score   support

           0       0.96      0.86      0.91      9711
           1       0.72      0.76      0.74      2421
           2       0.95      0.93      0.94      7458
           3       0.20      0.74      0.31       200
           4       0.77      0.90      0.83      2754

    accuracy                           0.88     22544
   macro avg       0.72      0.84      0.75     22544
weighted avg       0.90      0.88      0.88     22544

Confusion Matrix:
[[8346  635  198   76  456]
 [  17 1844  145  174  241]
 [ 264   61 6947  164   22]
 [  15   16    5  149   15]
 [  77   10    5  197 2465]]
