Epoch: 40
20201121_160357
Accuracy: 0.8762863733144074
Classification Report:
              precision    recall  f1-score   support

           0       0.94      0.89      0.91      9711
           1       0.71      0.79      0.74      2421
           2       0.95      0.91      0.93      7458
           3       0.33      0.74      0.46       200
           4       0.75      0.81      0.78      2754

    accuracy                           0.88     22544
   macro avg       0.73      0.83      0.77     22544
weighted avg       0.89      0.88      0.88     22544

Confusion Matrix:
[[8659  688  138   22  204]
 [   7 1906  185   72  251]
 [ 254   74 6820   35  275]
 [   9   19    0  149   23]
 [ 319   12   34  168 2221]]
