Epoch: 5
20201121_150447
Accuracy: 0.8766855926188787
Classification Report:
              precision    recall  f1-score   support

           0       0.94      0.90      0.92      9711
           1       0.81      0.77      0.79      2421
           2       0.96      0.88      0.92      7458
           3       0.18      0.24      0.21       200
           4       0.66      0.92      0.77      2754

    accuracy                           0.88     22544
   macro avg       0.71      0.74      0.72     22544
weighted avg       0.89      0.88      0.88     22544

Confusion Matrix:
[[8721  254  117   39  580]
 [ 112 1862  116  145  186]
 [ 309   64 6586    2  497]
 [   6  112    0   49   33]
 [ 147    9   11   41 2546]]
