Epoch: 41
20201121_160445
Accuracy: 0.877040454222853
Classification Report:
              precision    recall  f1-score   support

           0       0.94      0.89      0.91      9711
           1       0.70      0.74      0.72      2421
           2       0.93      0.91      0.92      7458
           3       0.27      0.81      0.40       200
           4       0.82      0.89      0.85      2754

    accuracy                           0.88     22544
   macro avg       0.73      0.85      0.76     22544
weighted avg       0.89      0.88      0.88     22544

Confusion Matrix:
[[8596  651  168   27  269]
 [ 100 1789  262   48  222]
 [ 257  107 6781  283   30]
 [   7   13    0  163   17]
 [ 169    6   51   85 2443]]
