Epoch: 61
20201121_142403
Accuracy: 0.8773953158268275
Classification Report:
              precision    recall  f1-score   support

           0       0.93      0.89      0.91      9711
           1       0.71      0.86      0.78      2421
           2       0.93      0.89      0.91      7458
           3       0.43      0.73      0.54       200
           4       0.78      0.83      0.80      2754

    accuracy                           0.88     22544
   macro avg       0.76      0.84      0.79     22544
weighted avg       0.89      0.88      0.88     22544

Confusion Matrix:
[[8647  690  154   24  196]
 [  45 2075  181   48   72]
 [ 270  104 6633   76  375]
 [  19   19    7  146    9]
 [ 281   17  131   46 2279]]
