97
20201023_142831
0.8410220014194464
              precision    recall  f1-score   support

           0       0.92      0.84      0.88      9711
           1       0.78      0.92      0.84      2421
           2       0.90      0.79      0.84      7458
           3       0.39      0.80      0.52       200
           4       0.66      0.90      0.76      2754

    accuracy                           0.84     22544
   macro avg       0.73      0.85      0.77     22544
weighted avg       0.86      0.84      0.84     22544

[[8171  237  634   36  633]
 [   6 2234   35   43  103]
 [ 643  395 5919   15  486]
 [  10    1    1  159   29]
 [  90   10   19  158 2477]]
