43
20201023_140343
0.8412437899219305
              precision    recall  f1-score   support

           0       0.86      0.90      0.88      9711
           1       0.77      0.75      0.76      2421
           2       0.88      0.82      0.85      7458
           3       0.53      0.17      0.26       200
           4       0.76      0.83      0.80      2754

    accuracy                           0.84     22544
   macro avg       0.76      0.70      0.71     22544
weighted avg       0.84      0.84      0.84     22544

[[8692  237  555   22  205]
 [ 159 1826  311    0  125]
 [ 658  319 6114    0  367]
 [ 148    0    0   35   17]
 [ 439    3    5    9 2298]]
