30
20201023_150312
0.8423970901348474
              precision    recall  f1-score   support

           0       0.90      0.88      0.89      9711
           1       0.69      0.87      0.77      2421
           2       0.89      0.78      0.83      7458
           3       0.46      0.80      0.59       200
           4       0.76      0.88      0.82      2754

    accuracy                           0.84     22544
   macro avg       0.74      0.84      0.78     22544
weighted avg       0.85      0.84      0.84     22544

[[8515  260  470   61  405]
 [  11 2097  214   45   54]
 [ 679  670 5793   15  301]
 [  25    4    0  160   11]
 [ 225   27   12   64 2426]]
