102
20201023_154317
0.8431068133427964
              precision    recall  f1-score   support

           0       0.88      0.86      0.87      9711
           1       0.82      0.92      0.87      2421
           2       0.89      0.77      0.83      7458
           3       0.26      0.93      0.41       200
           4       0.79      0.91      0.84      2754

    accuracy                           0.84     22544
   macro avg       0.73      0.88      0.76     22544
weighted avg       0.86      0.84      0.85     22544

[[8367  264  536  179  365]
 [   1 2235  125   31   29]
 [1113  199 5717  161  268]
 [   4    2    0  186    8]
 [  72   14   11  155 2502]]
