61
20201023_143318
0.8442601135557133
              precision    recall  f1-score   support

           0       0.92      0.84      0.88      9711
           1       0.79      0.89      0.84      2421
           2       0.88      0.79      0.83      7458
           3       0.36      0.79      0.49       200
           4       0.69      0.96      0.80      2754

    accuracy                           0.84     22544
   macro avg       0.73      0.85      0.77     22544
weighted avg       0.86      0.84      0.85     22544

[[8144  222  630   52  663]
 [   3 2154  168   47   49]
 [ 649  331 5922  110  446]
 [   4    0    8  157   31]
 [  17    5    7   69 2656]]
