59
20201023_143311
0.8442601135557133
              precision    recall  f1-score   support

           0       0.92      0.84      0.88      9711
           1       0.79      0.89      0.84      2421
           2       0.88      0.79      0.83      7458
           3       0.37      0.79      0.50       200
           4       0.69      0.96      0.80      2754

    accuracy                           0.84     22544
   macro avg       0.73      0.85      0.77     22544
weighted avg       0.86      0.84      0.85     22544

[[8145  223  626   53  664]
 [   3 2154  168   46   50]
 [ 649  335 5921  103  450]
 [   4    0    7  157   32]
 [  17    5    7   69 2656]]
