64
20201023_143329
0.8443488289567069
              precision    recall  f1-score   support

           0       0.92      0.84      0.88      9711
           1       0.80      0.89      0.84      2421
           2       0.88      0.79      0.83      7458
           3       0.36      0.79      0.49       200
           4       0.69      0.96      0.81      2754

    accuracy                           0.84     22544
   macro avg       0.73      0.85      0.77     22544
weighted avg       0.86      0.84      0.85     22544

[[8144  220  631   52  664]
 [   3 2153  169   46   50]
 [ 652  330 5925  115  436]
 [   4    0    8  157   31]
 [  16    5    7   70 2656]]
