99
20201023_142838
0.8447036905606813
              precision    recall  f1-score   support

           0       0.92      0.84      0.88      9711
           1       0.80      0.92      0.86      2421
           2       0.90      0.81      0.85      7458
           3       0.38      0.80      0.51       200
           4       0.66      0.90      0.76      2754

    accuracy                           0.84     22544
   macro avg       0.73      0.85      0.77     22544
weighted avg       0.86      0.84      0.85     22544

[[8169  237  634   36  635]
 [   5 2226   38   46  106]
 [ 644  306 6006   12  490]
 [  10    1    1  159   29]
 [  65   10   29  167 2483]]
