51
20201023_143242
0.8451916252661462
              precision    recall  f1-score   support

           0       0.92      0.84      0.88      9711
           1       0.79      0.89      0.84      2421
           2       0.88      0.80      0.84      7458
           3       0.37      0.79      0.50       200
           4       0.69      0.97      0.80      2754

    accuracy                           0.85     22544
   macro avg       0.73      0.86      0.77     22544
weighted avg       0.86      0.85      0.85     22544

[[8144  224  618   55  670]
 [   3 2158  162   44   54]
 [ 647  330 5937  100  444]
 [   6    0    8  157   29]
 [  17    5    5   69 2658]]
