47
20201023_143227
0.8467441447835344
              precision    recall  f1-score   support

           0       0.92      0.84      0.88      9711
           1       0.80      0.91      0.85      2421
           2       0.89      0.80      0.84      7458
           3       0.39      0.79      0.52       200
           4       0.69      0.97      0.80      2754

    accuracy                           0.85     22544
   macro avg       0.74      0.86      0.78     22544
weighted avg       0.86      0.85      0.85     22544

[[8146  222  614   52  677]
 [   4 2195  124   43   55]
 [ 647  330 5931   87  463]
 [   7    0    8  157   28]
 [  21    5    4   64 2660]]
