30
20201023_145951
0.8468328601845281
              precision    recall  f1-score   support

           0       0.91      0.83      0.87      9711
           1       0.81      0.84      0.82      2421
           2       0.87      0.85      0.86      7458
           3       0.35      0.85      0.50       200
           4       0.72      0.92      0.81      2754

    accuracy                           0.85     22544
   macro avg       0.73      0.86      0.77     22544
weighted avg       0.86      0.85      0.85     22544

[[8044  274  614  137  642]
 [   0 2031  264   25  101]
 [ 765  165 6307   10  211]
 [   3    2    6  171   18]
 [   8   35   33  140 2538]]
