29
20201023_144158
0.8472320794889993
              precision    recall  f1-score   support

           0       0.91      0.89      0.90      9711
           1       0.70      0.88      0.78      2421
           2       0.94      0.76      0.84      7458
           3       0.34      0.81      0.48       200
           4       0.71      0.90      0.79      2754

    accuracy                           0.85     22544
   macro avg       0.72      0.85      0.76     22544
weighted avg       0.87      0.85      0.85     22544

[[8655  311  111   63  571]
 [   0 2138  208   49   26]
 [ 838  427 5665  129  399]
 [  10    4    0  163   23]
 [  28  154   21   72 2479]]
