30
20201023_140319
0.8475425833924769
              precision    recall  f1-score   support

           0       0.87      0.94      0.90      9711
           1       0.72      0.85      0.78      2421
           2       0.93      0.77      0.84      7458
           3       0.55      0.21      0.30       200
           4       0.74      0.78      0.76      2754

    accuracy                           0.85     22544
   macro avg       0.76      0.71      0.72     22544
weighted avg       0.85      0.85      0.85     22544

[[9144  210  122   20  215]
 [  31 2049  266    0   75]
 [ 728  574 5713    0  443]
 [ 111   22    0   42   25]
 [ 548    9   23   15 2159]]
