81
20201023_144506
0.8479418026969482
              precision    recall  f1-score   support

           0       0.88      0.89      0.89      9711
           1       0.72      0.92      0.81      2421
           2       0.96      0.75      0.84      7458
           3       0.40      0.81      0.53       200
           4       0.73      0.90      0.81      2754

    accuracy                           0.85     22544
   macro avg       0.74      0.85      0.77     22544
weighted avg       0.87      0.85      0.85     22544

[[8688  376   71   63  513]
 [   3 2221  141   28   28]
 [1125  325 5565   78  365]
 [  16    4    0  161   19]
 [  27  155   18   73 2481]]
