Epoch: 113
20201115_022340
Accuracy: 0.8700762952448545
Classification Report:
              precision    recall  f1-score   support

           0       0.93      0.85      0.89      9711
           1       0.84      0.80      0.82      2421
           2       0.89      0.94      0.91      7458
           3       0.30      0.89      0.45       200
           4       0.78      0.81      0.79      2754

    accuracy                           0.87     22544
   macro avg       0.75      0.86      0.77     22544
weighted avg       0.88      0.87      0.87     22544

Confusion Matrix:
[[8272  243  574   78  544]
 [ 145 1932  293   39   12]
 [ 257  105 7016   36   44]
 [   1    3    0  177   19]
 [ 263    9   13  251 2218]]
