Epoch: 102
20201115_174533
Accuracy: 0.8701650106458482
Classification Report:
              precision    recall  f1-score   support

           0       0.91      0.90      0.90      9711
           1       0.67      0.84      0.75      2421
           2       0.94      0.92      0.93      7458
           3       0.14      0.25      0.18       200
           4       0.86      0.70      0.77      2754

    accuracy                           0.87     22544
   macro avg       0.70      0.72      0.71     22544
weighted avg       0.88      0.87      0.87     22544

Confusion Matrix:
[[8733  677  147   15  139]
 [  10 2041  234   85   51]
 [ 263  200 6860   17  118]
 [  17  111    3   50   19]
 [ 573    6   56  186 1933]]
