Epoch: 76
20201115_083303
Accuracy: 0.8701650106458482
Classification Report:
              precision    recall  f1-score   support

           0       0.90      0.91      0.90      9711
           1       0.70      0.77      0.73      2421
           2       0.90      0.93      0.92      7458
           3       0.34      0.80      0.47       200
           4       0.95      0.66      0.78      2754

    accuracy                           0.87     22544
   macro avg       0.76      0.81      0.76     22544
weighted avg       0.88      0.87      0.87     22544

Confusion Matrix:
[[8801  659  109   67   75]
 [   8 1862  521   25    5]
 [ 292  121 6972   68    5]
 [  17   15    6  160    2]
 [ 645   10  120  157 1822]]
