Epoch: 198
20201115_091204
Accuracy: 0.8702537260468417
Classification Report:
              precision    recall  f1-score   support

           0       0.88      0.91      0.90      9711
           1       0.68      0.78      0.73      2421
           2       0.96      0.91      0.93      7458
           3       0.30      0.78      0.43       200
           4       0.90      0.71      0.80      2754

    accuracy                           0.87     22544
   macro avg       0.74      0.82      0.76     22544
weighted avg       0.88      0.87      0.87     22544

Confusion Matrix:
[[8811  675   85   40  100]
 [  79 1898  160  193   91]
 [ 358  213 6791   87    9]
 [  19    2   13  155   11]
 [ 704   13   29   44 1964]]
