Epoch: 28
20201115_081802
Accuracy: 0.8703424414478353
Classification Report:
              precision    recall  f1-score   support

           0       0.95      0.86      0.90      9711
           1       0.80      0.82      0.81      2421
           2       0.93      0.89      0.91      7458
           3       0.17      0.81      0.28       200
           4       0.78      0.90      0.83      2754

    accuracy                           0.87     22544
   macro avg       0.73      0.86      0.75     22544
weighted avg       0.90      0.87      0.88     22544

Confusion Matrix:
[[8374  425  368   54  490]
 [   2 1990  114  140  175]
 [ 309   56 6629  460    4]
 [   8    0    2  162   28]
 [ 119    2   21  146 2466]]
