Epoch: 221
20201115_033028
Accuracy: 0.8704755145493258
Classification Report:
              precision    recall  f1-score   support

           0       0.87      0.92      0.90      9711
           1       0.86      0.76      0.81      2421
           2       0.93      0.89      0.91      7458
           3       0.40      0.71      0.51       200
           4       0.79      0.74      0.76      2754

    accuracy                           0.87     22544
   macro avg       0.77      0.81      0.78     22544
weighted avg       0.87      0.87      0.87     22544

Confusion Matrix:
[[8955  190   83   14  469]
 [ 203 1847  352   14    5]
 [ 495   86 6650  173   54]
 [   7   14   11  143   25]
 [ 607   10   91   17 2029]]
