Epoch: 37
20201115_172546
Accuracy: 0.8706973030518098
Classification Report:
              precision    recall  f1-score   support

           0       0.91      0.90      0.90      9711
           1       0.69      0.88      0.77      2421
           2       0.95      0.90      0.93      7458
           3       0.10      0.30      0.15       200
           4       0.91      0.74      0.82      2754

    accuracy                           0.87     22544
   macro avg       0.71      0.74      0.71     22544
weighted avg       0.89      0.87      0.88     22544

Confusion Matrix:
[[8693  697  134   41  146]
 [  34 2126  120  112   29]
 [ 338  135 6712  270    3]
 [   5  104    1   60   30]
 [ 518   19   77  102 2038]]
