Epoch: 178
20201115_032323
Accuracy: 0.8706085876508162
Classification Report:
              precision    recall  f1-score   support

           0       0.87      0.94      0.90      9711
           1       0.86      0.75      0.80      2421
           2       0.93      0.89      0.91      7458
           3       0.32      0.69      0.44       200
           4       0.80      0.72      0.76      2754

    accuracy                           0.87     22544
   macro avg       0.76      0.80      0.76     22544
weighted avg       0.88      0.87      0.87     22544

Confusion Matrix:
[[9086  193   89   13  330]
 [ 264 1812  318   19    8]
 [ 405   78 6608  243  124]
 [  12   15   15  137   21]
 [ 654   11   91   14 1984]]
