Epoch: 73
20201115_164104
Accuracy: 0.8707860184528035
Classification Report:
              precision    recall  f1-score   support

           0       0.88      0.94      0.91      9711
           1       0.86      0.83      0.84      2421
           2       0.93      0.86      0.90      7458
           3       0.28      0.57      0.37       200
           4       0.77      0.69      0.73      2754

    accuracy                           0.87     22544
   macro avg       0.74      0.78      0.75     22544
weighted avg       0.88      0.87      0.87     22544

Confusion Matrix:
[[9164  209  138   23  177]
 [ 103 2013  264   21   20]
 [ 543  107 6451   19  338]
 [   7   14   49  114   16]
 [ 589    5   35  236 1889]]
