Epoch: 39
20201115_030029
Accuracy: 0.8710521646557843
Classification Report:
              precision    recall  f1-score   support

           0       0.94      0.89      0.91      9711
           1       0.86      0.83      0.84      2421
           2       0.89      0.90      0.89      7458
           3       0.20      0.90      0.33       200
           4       0.82      0.76      0.79      2754

    accuracy                           0.87     22544
   macro avg       0.74      0.85      0.75     22544
weighted avg       0.89      0.87      0.88     22544

Confusion Matrix:
[[8646  230  538   61  236]
 [   3 2003  102  302   11]
 [ 305   93 6719  149  192]
 [   3    2    3  179   13]
 [ 240   12  205  207 2090]]
