Epoch: 456
20201115_040919
Accuracy: 0.8711852377572746
Classification Report:
              precision    recall  f1-score   support

           0       0.93      0.89      0.91      9711
           1       0.73      0.86      0.79      2421
           2       0.91      0.89      0.90      7458
           3       0.32      0.76      0.45       200
           4       0.81      0.76      0.79      2754

    accuracy                           0.87     22544
   macro avg       0.74      0.83      0.77     22544
weighted avg       0.88      0.87      0.87     22544

Confusion Matrix:
[[8653  646  175   36  201]
 [  12 2075  219  107    8]
 [ 352   92 6672   86  256]
 [  22    6   10  152   10]
 [ 281    7  279   99 2088]]
