Epoch: 317
20201115_034618
Accuracy: 0.8715844570617459
Classification Report:
              precision    recall  f1-score   support

           0       0.87      0.91      0.89      9711
           1       0.86      0.77      0.81      2421
           2       0.93      0.91      0.92      7458
           3       0.38      0.67      0.48       200
           4       0.77      0.73      0.75      2754

    accuracy                           0.87     22544
   macro avg       0.76      0.80      0.77     22544
weighted avg       0.87      0.87      0.87     22544

Confusion Matrix:
[[8845  192   84    8  582]
 [ 186 1871  333   30    1]
 [ 413   84 6793  165    3]
 [  17   16   10  134   23]
 [ 651    9   72   16 2006]]
