Epoch: 141
20201115_085409
Accuracy: 0.8717175301632364
Classification Report:
              precision    recall  f1-score   support

           0       0.95      0.86      0.90      9711
           1       0.71      0.85      0.77      2421
           2       0.96      0.89      0.92      7458
           3       0.20      0.73      0.32       200
           4       0.77      0.91      0.83      2754

    accuracy                           0.87     22544
   macro avg       0.72      0.85      0.75     22544
weighted avg       0.90      0.87      0.88     22544

Confusion Matrix:
[[8326  657  186   31  511]
 [   3 2051  104   66  197]
 [ 307  165 6623  354    9]
 [  14   13    0  147   26]
 [  86    9   20  134 2505]]
