Epoch: 33
20201115_081919
Accuracy: 0.8717618878637331
Classification Report:
              precision    recall  f1-score   support

           0       0.89      0.91      0.90      9711
           1       0.67      0.76      0.71      2421
           2       0.96      0.92      0.94      7458
           3       0.33      0.79      0.47       200
           4       0.86      0.73      0.79      2754

    accuracy                           0.87     22544
   macro avg       0.74      0.82      0.76     22544
weighted avg       0.88      0.87      0.87     22544

Confusion Matrix:
[[8798  697   92   50   74]
 [  74 1829  171  118  229]
 [ 345  180 6871   59    3]
 [  22    2   12  157    7]
 [ 632   18   21   85 1998]]
