Epoch: 152
20201115_145832
Accuracy: 0.8718062455642299
Classification Report:
              precision    recall  f1-score   support

           0       0.91      0.88      0.90      9711
           1       0.72      0.89      0.79      2421
           2       0.94      0.95      0.95      7458
           3       0.14      0.37      0.20       200
           4       0.86      0.64      0.73      2754

    accuracy                           0.87     22544
   macro avg       0.71      0.75      0.71     22544
weighted avg       0.89      0.87      0.88     22544

Confusion Matrix:
[[8558  686  171   34  262]
 [   8 2149  215   37   12]
 [ 184  149 7121    1    3]
 [  70    1   39   74   16]
 [ 567    4   41  390 1752]]
