Epoch: 142
20201115_085428
Accuracy: 0.8718949609652236
Classification Report:
              precision    recall  f1-score   support

           0       0.95      0.86      0.91      9711
           1       0.71      0.86      0.78      2421
           2       0.94      0.89      0.92      7458
           3       0.21      0.79      0.33       200
           4       0.78      0.87      0.82      2754

    accuracy                           0.87     22544
   macro avg       0.72      0.85      0.75     22544
weighted avg       0.90      0.87      0.88     22544

Confusion Matrix:
[[8394  663  187   30  437]
 [   4 2074  102   53  188]
 [ 277  154 6636  357   34]
 [  13    0    7  157   23]
 [ 106   10  102  141 2395]]
