Epoch: 258
20201115_033634
Accuracy: 0.872249822569198
Classification Report:
              precision    recall  f1-score   support

           0       0.86      0.93      0.90      9711
           1       0.86      0.77      0.81      2421
           2       0.93      0.89      0.91      7458
           3       0.38      0.69      0.49       200
           4       0.81      0.72      0.76      2754

    accuracy                           0.87     22544
   macro avg       0.77      0.80      0.77     22544
weighted avg       0.88      0.87      0.87     22544

Confusion Matrix:
[[9043  193   78   12  385]
 [ 205 1863  328   21    4]
 [ 488   86 6646  183   55]
 [  14   16    8  139   23]
 [ 706   10   50   15 1973]]
