Epoch: 75
20201115_210542
Accuracy: 0.872249822569198
Classification Report:
              precision    recall  f1-score   support

           0       0.90      0.90      0.90      9711
           1       0.65      0.86      0.74      2421
           2       0.96      0.91      0.93      7458
           3       0.15      0.28      0.20       200
           4       0.92      0.70      0.80      2754

    accuracy                           0.87     22544
   macro avg       0.72      0.73      0.71     22544
weighted avg       0.89      0.87      0.88     22544

Confusion Matrix:
[[8784  647  114   24  142]
 [  57 2089  179   91    5]
 [ 310  334 6793   20    1]
 [  18  111    1   57   13]
 [ 604   10    9  190 1941]]
