Epoch: 59
20201115_021440
Accuracy: 0.872249822569198
Classification Report:
              precision    recall  f1-score   support

           0       0.95      0.88      0.91      9711
           1       0.74      0.78      0.76      2421
           2       0.91      0.94      0.93      7458
           3       0.18      0.78      0.30       200
           4       0.84      0.76      0.80      2754

    accuracy                           0.87     22544
   macro avg       0.72      0.83      0.74     22544
weighted avg       0.89      0.87      0.88     22544

Confusion Matrix:
[[8523  527  270   79  312]
 [  31 1888  282  158   62]
 [ 299  120 7012    6   21]
 [  28    1    7  155    9]
 [  83    5  130  450 2086]]
