Epoch: 7
20201115_081116
Accuracy: 0.872471611071682
Classification Report:
              precision    recall  f1-score   support

           0       0.96      0.87      0.91      9711
           1       0.72      0.74      0.73      2421
           2       0.95      0.89      0.92      7458
           3       0.25      0.81      0.38       200
           4       0.74      0.94      0.83      2754

    accuracy                           0.87     22544
   macro avg       0.72      0.85      0.75     22544
weighted avg       0.89      0.87      0.88     22544

Confusion Matrix:
[[8460  657  147   50  397]
 [   4 1800  189   88  340]
 [ 303   40 6663  301  151]
 [  10    0    2  162   26]
 [  68    1   48   53 2584]]
