Epoch: 31
20201115_081841
Accuracy: 0.8724272533711852
Classification Report:
              precision    recall  f1-score   support

           0       0.89      0.91      0.90      9711
           1       0.68      0.77      0.72      2421
           2       0.96      0.92      0.94      7458
           3       0.34      0.81      0.48       200
           4       0.87      0.71      0.78      2754

    accuracy                           0.87     22544
   macro avg       0.75      0.82      0.76     22544
weighted avg       0.88      0.87      0.88     22544

Confusion Matrix:
[[8808  682  100   57   64]
 [  56 1874  174   91  226]
 [ 344  193 6856   62    3]
 [  20    2   12  162    4]
 [ 642   12   30  102 1968]]
