Epoch: 509
20201115_041803
Accuracy: 0.8726046841731725
Classification Report:
              precision    recall  f1-score   support

           0       0.92      0.89      0.91      9711
           1       0.73      0.85      0.79      2421
           2       0.91      0.90      0.91      7458
           3       0.35      0.74      0.48       200
           4       0.82      0.76      0.79      2754

    accuracy                           0.87     22544
   macro avg       0.75      0.83      0.77     22544
weighted avg       0.88      0.87      0.88     22544

Confusion Matrix:
[[8654  647  193   32  185]
 [  13 2068  246   86    8]
 [ 321  105 6705   60  267]
 [  21    6   14  149   10]
 [ 363    8  194   93 2096]]
