Epoch: 112
20201115_174831
Accuracy: 0.8728708303761533
Classification Report:
              precision    recall  f1-score   support

           0       0.91      0.90      0.91      9711
           1       0.69      0.84      0.76      2421
           2       0.95      0.92      0.93      7458
           3       0.13      0.25      0.17       200
           4       0.85      0.70      0.77      2754

    accuracy                           0.87     22544
   macro avg       0.71      0.72      0.71     22544
weighted avg       0.88      0.87      0.88     22544

Confusion Matrix:
[[8783  682  132   12  102]
 [  10 2039  225  100   47]
 [ 266  136 6886   13  157]
 [  16  111    2   50   21]
 [ 593    4   34  203 1920]]
