Epoch: 726
20201115_045345
Accuracy: 0.8732700496806246
Classification Report:
              precision    recall  f1-score   support

           0       0.93      0.89      0.91      9711
           1       0.73      0.87      0.79      2421
           2       0.91      0.89      0.90      7458
           3       0.33      0.74      0.45       200
           4       0.81      0.77      0.79      2754

    accuracy                           0.87     22544
   macro avg       0.74      0.83      0.77     22544
weighted avg       0.88      0.87      0.88     22544

Confusion Matrix:
[[8684  670  169   46  142]
 [  19 2097  178  117   10]
 [ 305  102 6650   70  331]
 [  24    9   10  148    9]
 [ 286    8  278   74 2108]]
