Epoch: 274
20201115_033912
Accuracy: 0.8732700496806246
Classification Report:
              precision    recall  f1-score   support

           0       0.87      0.93      0.90      9711
           1       0.86      0.77      0.81      2421
           2       0.93      0.90      0.91      7458
           3       0.38      0.69      0.48       200
           4       0.82      0.73      0.77      2754

    accuracy                           0.87     22544
   macro avg       0.77      0.80      0.77     22544
weighted avg       0.88      0.87      0.87     22544

Confusion Matrix:
[[8991  195   86   12  427]
 [ 204 1853  348   14    2]
 [ 488   79 6703  184    4]
 [  14   15   13  137   21]
 [ 677    7   49   18 2003]]
