Epoch: 708
20201115_045048
Accuracy: 0.8733587650816181
Classification Report:
              precision    recall  f1-score   support

           0       0.93      0.90      0.91      9711
           1       0.73      0.87      0.80      2421
           2       0.91      0.89      0.90      7458
           3       0.34      0.75      0.47       200
           4       0.81      0.76      0.78      2754

    accuracy                           0.87     22544
   macro avg       0.74      0.83      0.77     22544
weighted avg       0.88      0.87      0.88     22544

Confusion Matrix:
[[8699  660  178   41  133]
 [  23 2115  182   92    9]
 [ 313   96 6635   77  337]
 [  22    7   11  150   10]
 [ 292    7  283   82 2090]]
