Epoch: 423
20201115_040353
Accuracy: 0.8733587650816181
Classification Report:
              precision    recall  f1-score   support

           0       0.90      0.90      0.90      9711
           1       0.73      0.85      0.79      2421
           2       0.94      0.89      0.91      7458
           3       0.36      0.77      0.49       200
           4       0.84      0.76      0.80      2754

    accuracy                           0.87     22544
   macro avg       0.75      0.83      0.78     22544
weighted avg       0.88      0.87      0.88     22544

Confusion Matrix:
[[8742  652  151   30  136]
 [  13 2068  246   86    8]
 [ 430  104 6621   68  235]
 [  20    4   12  153   11]
 [ 530   12   19   88 2105]]
