Epoch: 36
20201115_130026
Accuracy: 0.8735361958836054
Classification Report:
              precision    recall  f1-score   support

           0       0.93      0.90      0.91      9711
           1       0.71      0.77      0.73      2421
           2       0.89      0.94      0.91      7458
           3       0.27      0.70      0.39       200
           4       0.94      0.69      0.80      2754

    accuracy                           0.87     22544
   macro avg       0.75      0.80      0.75     22544
weighted avg       0.89      0.87      0.88     22544

Confusion Matrix:
[[8767  638  179   32   95]
 [   6 1856  421  124   14]
 [ 312  116 7019    9    2]
 [  20   15   16  140    9]
 [ 358    5  269  211 1911]]
