Epoch: 26
20201115_204942
Accuracy: 0.8738023420865862
Classification Report:
              precision    recall  f1-score   support

           0       0.91      0.89      0.90      9711
           1       0.70      0.88      0.78      2421
           2       0.93      0.93      0.93      7458
           3       0.22      0.27      0.24       200
           4       0.85      0.69      0.76      2754

    accuracy                           0.87     22544
   macro avg       0.72      0.73      0.72     22544
weighted avg       0.88      0.87      0.87     22544

Confusion Matrix:
[[8659  666  201   17  168]
 [   6 2123  145   32  115]
 [ 343  110 6961   12   32]
 [  10  111    0   54   25]
 [ 521    9  187  135 1902]]
