Epoch: 88
20201115_021927
Accuracy: 0.8740241305890702
Classification Report:
              precision    recall  f1-score   support

           0       0.93      0.87      0.90      9711
           1       0.83      0.80      0.81      2421
           2       0.89      0.93      0.91      7458
           3       0.29      0.89      0.44       200
           4       0.82      0.80      0.81      2754

    accuracy                           0.87     22544
   macro avg       0.75      0.86      0.77     22544
weighted avg       0.89      0.87      0.88     22544

Confusion Matrix:
[[8418  259  535   74  425]
 [ 121 1927  311   49   13]
 [ 266  119 6971   66   36]
 [   1    2    1  177   19]
 [ 287   11   11  234 2211]]
