Epoch: 394
20201115_035906
Accuracy: 0.8741572036905607
Classification Report:
              precision    recall  f1-score   support

           0       0.91      0.90      0.91      9711
           1       0.72      0.86      0.78      2421
           2       0.93      0.89      0.91      7458
           3       0.37      0.74      0.49       200
           4       0.84      0.76      0.80      2754

    accuracy                           0.87     22544
   macro avg       0.75      0.83      0.78     22544
weighted avg       0.88      0.87      0.88     22544

Confusion Matrix:
[[8743  661  156   37  114]
 [  29 2075  214   94    9]
 [ 382  123 6650   44  259]
 [  23    6   12  148   11]
 [ 425    6  157   75 2091]]
