Epoch: 631
20201115_043807
Accuracy: 0.8744233498935415
Classification Report:
              precision    recall  f1-score   support

           0       0.92      0.90      0.91      9711
           1       0.73      0.86      0.79      2421
           2       0.93      0.89      0.91      7458
           3       0.32      0.75      0.45       200
           4       0.81      0.77      0.79      2754

    accuracy                           0.87     22544
   macro avg       0.74      0.83      0.77     22544
weighted avg       0.88      0.87      0.88     22544

Confusion Matrix:
[[8705  653  168   42  143]
 [  13 2082  209  108    9]
 [ 311   89 6655   83  320]
 [  22    7   11  150   10]
 [ 442    7  102   82 2121]]
