Epoch: 679
20201115_044601
Accuracy: 0.8745120652945352
Classification Report:
              precision    recall  f1-score   support

           0       0.93      0.89      0.91      9711
           1       0.73      0.87      0.79      2421
           2       0.91      0.89      0.90      7458
           3       0.38      0.76      0.50       200
           4       0.81      0.77      0.79      2754

    accuracy                           0.87     22544
   macro avg       0.75      0.84      0.78     22544
weighted avg       0.88      0.87      0.88     22544

Confusion Matrix:
[[8684  659  177   39  152]
 [  22 2096  210   86    7]
 [ 311  103 6666   49  329]
 [  20    6   12  151   11]
 [ 298    8  256   74 2118]]
