Epoch: 16
20201115_081412
Accuracy: 0.8745564229950319
Classification Report:
              precision    recall  f1-score   support

           0       0.96      0.86      0.91      9711
           1       0.74      0.80      0.77      2421
           2       0.97      0.89      0.93      7458
           3       0.16      0.80      0.27       200
           4       0.79      0.95      0.86      2754

    accuracy                           0.87     22544
   macro avg       0.72      0.86      0.75     22544
weighted avg       0.91      0.87      0.89     22544

Confusion Matrix:
[[8373  642  148   51  497]
 [   0 1934   62  240  185]
 [ 298   41 6632  484    3]
 [   8    0    3  160   29]
 [  69    2   14   52 2617]]
