Epoch: 280
20201115_034011
Accuracy: 0.8746007806955287
Classification Report:
              precision    recall  f1-score   support

           0       0.86      0.94      0.90      9711
           1       0.86      0.77      0.81      2421
           2       0.93      0.90      0.91      7458
           3       0.37      0.66      0.47       200
           4       0.84      0.70      0.76      2754

    accuracy                           0.87     22544
   macro avg       0.77      0.79      0.77     22544
weighted avg       0.88      0.87      0.87     22544

Confusion Matrix:
[[9083  204   82    9  333]
 [ 179 1876  345   20    1]
 [ 489   86 6703  177    3]
 [  16   16   13  132   23]
 [ 738   10   65   18 1923]]
