Epoch: 114
20201115_031250
Accuracy: 0.8747338537970192
Classification Report:
              precision    recall  f1-score   support

           0       0.88      0.95      0.91      9711
           1       0.87      0.75      0.81      2421
           2       0.93      0.89      0.91      7458
           3       0.28      0.69      0.40       200
           4       0.82      0.70      0.76      2754

    accuracy                           0.87     22544
   macro avg       0.76      0.80      0.76     22544
weighted avg       0.88      0.87      0.88     22544

Confusion Matrix:
[[9179  191  107   18  216]
 [ 199 1816  280   60   66]
 [ 368   56 6647  263  124]
 [   8   13   17  139   23]
 [ 679    8  111   17 1939]]
