Epoch: 144
20201115_165303
Accuracy: 0.874778211497516
Classification Report:
              precision    recall  f1-score   support

           0       0.88      0.95      0.92      9711
           1       0.86      0.83      0.85      2421
           2       0.93      0.88      0.90      7458
           3       0.24      0.49      0.32       200
           4       0.79      0.67      0.73      2754

    accuracy                           0.87     22544
   macro avg       0.74      0.76      0.74     22544
weighted avg       0.88      0.87      0.88     22544

Confusion Matrix:
[[9242  209  136   23  101]
 [  90 2009  262   27   33]
 [ 501   87 6528    2  340]
 [  16   11   62   99   12]
 [ 609    7   35  260 1843]]
