Epoch: 165
20201115_090150
Accuracy: 0.8751774308019872
Classification Report:
              precision    recall  f1-score   support

           0       0.95      0.86      0.91      9711
           1       0.70      0.85      0.77      2421
           2       0.96      0.89      0.92      7458
           3       0.24      0.79      0.36       200
           4       0.78      0.90      0.84      2754

    accuracy                           0.88     22544
   macro avg       0.73      0.86      0.76     22544
weighted avg       0.90      0.88      0.88     22544

Confusion Matrix:
[[8394  658  165   29  465]
 [   4 2060  115   36  206]
 [ 305  196 6630  308   19]
 [  12    2    2  158   26]
 [ 107    8   12  139 2488]]
