Epoch: 67
20201115_164004
Accuracy: 0.875221788502484
Classification Report:
              precision    recall  f1-score   support

           0       0.88      0.95      0.91      9711
           1       0.86      0.83      0.84      2421
           2       0.93      0.87      0.90      7458
           3       0.36      0.66      0.46       200
           4       0.78      0.70      0.74      2754

    accuracy                           0.88     22544
   macro avg       0.76      0.80      0.77     22544
weighted avg       0.88      0.88      0.88     22544

Confusion Matrix:
[[9189  204  134   24  160]
 [ 106 2002  275   19   19]
 [ 495  114 6481   13  355]
 [  11   14   34  132    9]
 [ 612    5   28  182 1927]]
