Epoch: 614
20201115_043520
Accuracy: 0.8754435770049681
Classification Report:
              precision    recall  f1-score   support

           0       0.92      0.90      0.91      9711
           1       0.73      0.87      0.80      2421
           2       0.92      0.89      0.91      7458
           3       0.31      0.74      0.43       200
           4       0.83      0.77      0.80      2754

    accuracy                           0.88     22544
   macro avg       0.74      0.83      0.77     22544
weighted avg       0.89      0.88      0.88     22544

Confusion Matrix:
[[8707  654  186   45  119]
 [  13 2107  194   99    8]
 [ 309   91 6660   99  299]
 [  22    9   12  148    9]
 [ 391    8  151   90 2114]]
