Epoch: 70
20201115_021631
Accuracy: 0.8754879347054648
Classification Report:
              precision    recall  f1-score   support

           0       0.95      0.88      0.91      9711
           1       0.71      0.78      0.74      2421
           2       0.90      0.94      0.92      7458
           3       0.26      0.80      0.40       200
           4       0.85      0.78      0.82      2754

    accuracy                           0.88     22544
   macro avg       0.74      0.83      0.76     22544
weighted avg       0.89      0.88      0.88     22544

Confusion Matrix:
[[8534  629  182   75  291]
 [  69 1879  337   96   40]
 [ 295  114 7017    6   26]
 [  23    3    5  159   10]
 [  89    6  243  268 2148]]
