Epoch: 463
20201115_041028
Accuracy: 0.8756653655074521
Classification Report:
              precision    recall  f1-score   support

           0       0.91      0.90      0.90      9711
           1       0.73      0.85      0.79      2421
           2       0.94      0.90      0.92      7458
           3       0.36      0.76      0.48       200
           4       0.83      0.77      0.80      2754

    accuracy                           0.88     22544
   macro avg       0.75      0.83      0.78     22544
weighted avg       0.88      0.88      0.88     22544

Confusion Matrix:
[[8704  647  171   33  156]
 [  13 2066  241   94    7]
 [ 338   93 6707   55  265]
 [  22    7   10  151   10]
 [ 523    9   18   91 2113]]
