Epoch: 178
20201115_090559
Accuracy: 0.8756210078069553
Classification Report:
              precision    recall  f1-score   support

           0       0.95      0.87      0.91      9711
           1       0.71      0.85      0.78      2421
           2       0.96      0.89      0.92      7458
           3       0.21      0.73      0.32       200
           4       0.79      0.90      0.84      2754

    accuracy                           0.88     22544
   macro avg       0.72      0.85      0.75     22544
weighted avg       0.90      0.88      0.88     22544

Confusion Matrix:
[[8419  661  175   32  424]
 [   7 2066  111   39  198]
 [ 285  159 6636  349   29]
 [  12   13    2  147   26]
 [ 119    8   11  144 2472]]
