Epoch: 591
20201115_043133
Accuracy: 0.8758427963094393
Classification Report:
              precision    recall  f1-score   support

           0       0.92      0.90      0.91      9711
           1       0.73      0.86      0.79      2421
           2       0.92      0.90      0.91      7458
           3       0.37      0.77      0.50       200
           4       0.82      0.77      0.79      2754

    accuracy                           0.88     22544
   macro avg       0.75      0.84      0.78     22544
weighted avg       0.88      0.88      0.88     22544

Confusion Matrix:
[[8724  662  165   34  126]
 [  13 2083  218  100    7]
 [ 312   97 6675   56  318]
 [  22    4   12  154    8]
 [ 382    9  177   77 2109]]
