Epoch: 98
20201115_022108
Accuracy: 0.8758427963094393
Classification Report:
              precision    recall  f1-score   support

           0       0.93      0.87      0.90      9711
           1       0.86      0.80      0.83      2421
           2       0.88      0.94      0.91      7458
           3       0.28      0.85      0.42       200
           4       0.83      0.80      0.81      2754

    accuracy                           0.88     22544
   macro avg       0.76      0.85      0.77     22544
weighted avg       0.89      0.88      0.88     22544

Confusion Matrix:
[[8444  205  607   76  379]
 [ 125 1928  303   54   11]
 [ 250   95 7000   65   48]
 [   0    7    1  171   21]
 [ 279   11   14  248 2202]]
