Epoch: 573
20201115_042835
Accuracy: 0.8759315117104329
Classification Report:
              precision    recall  f1-score   support

           0       0.92      0.90      0.91      9711
           1       0.73      0.86      0.79      2421
           2       0.93      0.90      0.91      7458
           3       0.35      0.76      0.48       200
           4       0.83      0.76      0.79      2754

    accuracy                           0.88     22544
   macro avg       0.75      0.83      0.78     22544
weighted avg       0.88      0.88      0.88     22544

Confusion Matrix:
[[8728  661  168   32  122]
 [  16 2088  218   92    7]
 [ 311   87 6683   74  303]
 [  22    7   13  151    7]
 [ 427    8  142   80 2097]]
