Epoch: 54
20201115_030254
Accuracy: 0.8760645848119234
Classification Report:
              precision    recall  f1-score   support

           0       0.89      0.95      0.92      9711
           1       0.87      0.75      0.81      2421
           2       0.92      0.89      0.91      7458
           3       0.20      0.74      0.32       200
           4       0.89      0.69      0.78      2754

    accuracy                           0.88     22544
   macro avg       0.76      0.81      0.75     22544
weighted avg       0.89      0.88      0.88     22544

Confusion Matrix:
[[9228  186  124   25  148]
 [ 102 1817  347  120   35]
 [ 331   71 6646  375   35]
 [   8    5   21  149   17]
 [ 694    2   76   72 1910]]
