Epoch: 100
20201115_031032
Accuracy: 0.8760202271114266
Classification Report:
              precision    recall  f1-score   support

           0       0.88      0.95      0.91      9711
           1       0.87      0.77      0.82      2421
           2       0.92      0.89      0.90      7458
           3       0.26      0.69      0.38       200
           4       0.85      0.70      0.76      2754

    accuracy                           0.88     22544
   macro avg       0.76      0.80      0.76     22544
weighted avg       0.88      0.88      0.88     22544

Confusion Matrix:
[[9221  195  116   19  160]
 [ 159 1859  300   63   40]
 [ 375   58 6615  284  126]
 [   9   14   19  137   21]
 [ 685    9  124   19 1917]]
