Epoch: 664
20201115_044333
Accuracy: 0.8761533002129169
Classification Report:
              precision    recall  f1-score   support

           0       0.91      0.90      0.90      9711
           1       0.74      0.87      0.80      2421
           2       0.94      0.90      0.92      7458
           3       0.33      0.77      0.46       200
           4       0.83      0.76      0.79      2754

    accuracy                           0.88     22544
   macro avg       0.75      0.84      0.77     22544
weighted avg       0.89      0.88      0.88     22544

Confusion Matrix:
[[8712  642  184   42  131]
 [  10 2101  201  104    5]
 [ 313   92 6683   79  291]
 [  20    5   13  154    8]
 [ 525    7   27   93 2102]]
