Epoch: 157
20201115_180048
Accuracy: 0.8761533002129169
Classification Report:
              precision    recall  f1-score   support

           0       0.90      0.90      0.90      9711
           1       0.69      0.87      0.77      2421
           2       0.94      0.92      0.93      7458
           3       0.16      0.25      0.19       200
           4       0.92      0.73      0.82      2754

    accuracy                           0.88     22544
   macro avg       0.72      0.73      0.72     22544
weighted avg       0.89      0.88      0.88     22544

Confusion Matrix:
[[8743  683  137   28  120]
 [  12 2114  238   31   26]
 [ 317  164 6826  147    4]
 [   8  111    1   50   30]
 [ 624   11   36   64 2019]]
