Epoch: 694
20201115_044830
Accuracy: 0.8764194464158978
Classification Report:
              precision    recall  f1-score   support

           0       0.91      0.90      0.90      9711
           1       0.74      0.86      0.80      2421
           2       0.94      0.90      0.92      7458
           3       0.34      0.74      0.47       200
           4       0.83      0.76      0.79      2754

    accuracy                           0.88     22544
   macro avg       0.75      0.83      0.78     22544
weighted avg       0.89      0.88      0.88     22544

Confusion Matrix:
[[8729  634  186   39  123]
 [   9 2088  217  101    6]
 [ 306   92 6689   62  309]
 [  24    8   11  149    8]
 [ 533    7   29   82 2103]]
