Epoch: 53
20201115_021340
Accuracy: 0.8766855926188787
Classification Report:
              precision    recall  f1-score   support

           0       0.95      0.88      0.92      9711
           1       0.70      0.74      0.72      2421
           2       0.93      0.94      0.94      7458
           3       0.20      0.78      0.32       200
           4       0.83      0.82      0.82      2754

    accuracy                           0.88     22544
   macro avg       0.72      0.83      0.74     22544
weighted avg       0.90      0.88      0.88     22544

Confusion Matrix:
[[8568  609  181   79  274]
 [   7 1795  277  165  177]
 [ 297  144 6994    7   16]
 [  28    1    6  156    9]
 [  92    3   28  380 2251]]
