Epoch: 580
20201115_042944
Accuracy: 0.8772622427253371
Classification Report:
              precision    recall  f1-score   support

           0       0.93      0.90      0.91      9711
           1       0.74      0.87      0.80      2421
           2       0.91      0.90      0.90      7458
           3       0.35      0.75      0.48       200
           4       0.83      0.77      0.80      2754

    accuracy                           0.88     22544
   macro avg       0.75      0.84      0.78     22544
weighted avg       0.89      0.88      0.88     22544

Confusion Matrix:
[[8717  636  195   44  119]
 [  14 2103  202   93    9]
 [ 305   97 6683   70  303]
 [  24    7   11  150    8]
 [ 322    6  228   74 2124]]
