Epoch: 598
20201115_043242
Accuracy: 0.8772178850248403
Classification Report:
              precision    recall  f1-score   support

           0       0.92      0.90      0.91      9711
           1       0.74      0.86      0.79      2421
           2       0.92      0.90      0.91      7458
           3       0.38      0.77      0.51       200
           4       0.82      0.77      0.79      2754

    accuracy                           0.88     22544
   macro avg       0.76      0.84      0.78     22544
weighted avg       0.88      0.88      0.88     22544

Confusion Matrix:
[[8715  655  174   32  135]
 [  22 2085  209   95   10]
 [ 314   77 6711   53  303]
 [  23    4   12  153    8]
 [ 399    7  171   65 2112]]
