Epoch: 171
20201115_180434
Accuracy: 0.8773953158268275
Classification Report:
              precision    recall  f1-score   support

           0       0.92      0.90      0.91      9711
           1       0.69      0.86      0.77      2421
           2       0.92      0.92      0.92      7458
           3       0.16      0.27      0.20       200
           4       0.92      0.74      0.82      2754

    accuracy                           0.88     22544
   macro avg       0.72      0.74      0.72     22544
weighted avg       0.89      0.88      0.88     22544

Confusion Matrix:
[[8744  680  159   29   99]
 [  15 2087  235   45   39]
 [ 317  145 6849  144    3]
 [   9  110    0   53   28]
 [ 391   10  241   65 2047]]
