Epoch: 141
20201115_175632
Accuracy: 0.8774396735273243
Classification Report:
              precision    recall  f1-score   support

           0       0.90      0.90      0.90      9711
           1       0.68      0.87      0.76      2421
           2       0.95      0.92      0.93      7458
           3       0.17      0.26      0.20       200
           4       0.91      0.74      0.82      2754

    accuracy                           0.88     22544
   macro avg       0.72      0.74      0.72     22544
weighted avg       0.89      0.88      0.88     22544

Confusion Matrix:
[[8753  681  134   28  115]
 [  86 2098  193   11   33]
 [ 304  171 6838  131   14]
 [   8  108    4   51   29]
 [ 598   11   23   81 2041]]
