Epoch: 517
20201115_041922
Accuracy: 0.8774840312278211
Classification Report:
              precision    recall  f1-score   support

           0       0.91      0.90      0.90      9711
           1       0.73      0.87      0.79      2421
           2       0.94      0.90      0.92      7458
           3       0.36      0.76      0.49       200
           4       0.83      0.77      0.80      2754

    accuracy                           0.88     22544
   macro avg       0.75      0.84      0.78     22544
weighted avg       0.89      0.88      0.88     22544

Confusion Matrix:
[[8714  656  169   31  141]
 [  10 2095  223   86    7]
 [ 308   94 6702   70  284]
 [  19    6   13  152   10]
 [ 531    6   18   80 2119]]
