Epoch: 575
20201115_042855
Accuracy: 0.8774396735273243
Classification Report:
              precision    recall  f1-score   support

           0       0.92      0.90      0.91      9711
           1       0.76      0.85      0.80      2421
           2       0.92      0.90      0.91      7458
           3       0.32      0.77      0.46       200
           4       0.82      0.77      0.79      2754

    accuracy                           0.88     22544
   macro avg       0.75      0.84      0.77     22544
weighted avg       0.89      0.88      0.88     22544

Confusion Matrix:
[[8770  567  189   46  139]
 [  14 2062  228  108    9]
 [ 310   83 6687   80  298]
 [  22    2   12  154   10]
 [ 380    7  173   86 2108]]
