Epoch: 57
20201115_030325
Accuracy: 0.8775727466288148
Classification Report:
              precision    recall  f1-score   support

           0       0.89      0.95      0.92      9711
           1       0.88      0.74      0.80      2421
           2       0.93      0.90      0.91      7458
           3       0.23      0.73      0.36       200
           4       0.86      0.69      0.76      2754

    accuracy                           0.88     22544
   macro avg       0.76      0.80      0.75     22544
weighted avg       0.89      0.88      0.88     22544

Confusion Matrix:
[[9240  186  120   26  139]
 [ 100 1796  344  107   74]
 [ 347   56 6711  258   86]
 [  11    7   18  147   17]
 [ 732    2   42   88 1890]]
