Epoch: 183
20201115_090735
Accuracy: 0.877528388928318
Classification Report:
              precision    recall  f1-score   support

           0       0.95      0.87      0.91      9711
           1       0.70      0.86      0.77      2421
           2       0.95      0.89      0.92      7458
           3       0.23      0.74      0.36       200
           4       0.80      0.90      0.85      2754

    accuracy                           0.88     22544
   macro avg       0.73      0.85      0.76     22544
weighted avg       0.90      0.88      0.89     22544

Confusion Matrix:
[[8433  656  193   32  397]
 [   7 2077  125   36  176]
 [ 297  218 6651  282   10]
 [  12   13    1  148   26]
 [ 124    8   13  135 2474]]
