Epoch: 795
20201115_050509
Accuracy: 0.8776614620298083
Classification Report:
              precision    recall  f1-score   support

           0       0.91      0.90      0.90      9711
           1       0.74      0.87      0.80      2421
           2       0.94      0.90      0.92      7458
           3       0.40      0.77      0.52       200
           4       0.82      0.77      0.79      2754

    accuracy                           0.88     22544
   macro avg       0.76      0.84      0.79     22544
weighted avg       0.88      0.88      0.88     22544

Confusion Matrix:
[[8715  658  178   37  123]
 [  29 2095  196   94    7]
 [ 303   73 6710   33  339]
 [  24    4   11  153    8]
 [ 558    8    9   66 2113]]
