Epoch: 168
20201115_180345
Accuracy: 0.8776171043293116
Classification Report:
              precision    recall  f1-score   support

           0       0.92      0.90      0.91      9711
           1       0.69      0.87      0.77      2421
           2       0.92      0.91      0.92      7458
           3       0.15      0.26      0.19       200
           4       0.92      0.75      0.83      2754

    accuracy                           0.88     22544
   macro avg       0.72      0.74      0.72     22544
weighted avg       0.89      0.88      0.88     22544

Confusion Matrix:
[[8743  680  155   33  100]
 [  11 2108  235   33   34]
 [ 305  155 6824  164   10]
 [   6  109    2   51   32]
 [ 419   12  200   64 2059]]
