Epoch: 869
20201115_051720
Accuracy: 0.877750177430802
Classification Report:
              precision    recall  f1-score   support

           0       0.91      0.90      0.90      9711
           1       0.73      0.87      0.79      2421
           2       0.94      0.90      0.92      7458
           3       0.41      0.75      0.53       200
           4       0.81      0.77      0.79      2754

    accuracy                           0.88     22544
   macro avg       0.76      0.84      0.79     22544
weighted avg       0.89      0.88      0.88     22544

Confusion Matrix:
[[8709  671  151   38  142]
 [  26 2108  207   71    9]
 [ 302   93 6688   42  333]
 [  21    7   10  150   12]
 [ 522    9   26   64 2133]]
