Epoch: 68
20201115_173505
Accuracy: 0.8778832505322924
Classification Report:
              precision    recall  f1-score   support

           0       0.90      0.90      0.90      9711
           1       0.69      0.85      0.76      2421
           2       0.94      0.93      0.94      7458
           3       0.17      0.27      0.21       200
           4       0.91      0.75      0.82      2754

    accuracy                           0.88     22544
   macro avg       0.72      0.74      0.72     22544
weighted avg       0.89      0.88      0.88     22544

Confusion Matrix:
[[8714  678  147   33  139]
 [  82 2056  221   31   31]
 [ 301  137 6906  101   13]
 [   5  101   10   53   31]
 [ 559   15   30   88 2062]]
