Epoch: 91
20201115_174200
Accuracy: 0.8778832505322924
Classification Report:
              precision    recall  f1-score   support

           0       0.92      0.90      0.91      9711
           1       0.70      0.89      0.79      2421
           2       0.94      0.91      0.93      7458
           3       0.12      0.26      0.16       200
           4       0.90      0.74      0.81      2754

    accuracy                           0.88     22544
   macro avg       0.72      0.74      0.72     22544
weighted avg       0.89      0.88      0.88     22544

Confusion Matrix:
[[8729  690  136   32  124]
 [  15 2165  160   40   41]
 [ 292  116 6794  217   39]
 [   6   97   15   52   30]
 [ 480   15  116   92 2051]]
