Epoch: 79
20201115_173821
Accuracy: 0.8780163236337828
Classification Report:
              precision    recall  f1-score   support

           0       0.90      0.90      0.90      9711
           1       0.70      0.89      0.78      2421
           2       0.95      0.91      0.93      7458
           3       0.14      0.27      0.19       200
           4       0.90      0.74      0.81      2754

    accuracy                           0.88     22544
   macro avg       0.72      0.74      0.72     22544
weighted avg       0.89      0.88      0.88     22544

Confusion Matrix:
[[8755  690  127   30  109]
 [  29 2155  159   40   38]
 [ 303  144 6795  166   50]
 [   8   90   21   54   27]
 [ 599   14   20   86 2035]]
