Epoch: 77
20201115_030644
Accuracy: 0.8780606813342796
Classification Report:
              precision    recall  f1-score   support

           0       0.88      0.95      0.92      9711
           1       0.88      0.78      0.83      2421
           2       0.93      0.89      0.91      7458
           3       0.26      0.73      0.38       200
           4       0.85      0.68      0.76      2754

    accuracy                           0.88     22544
   macro avg       0.76      0.81      0.76     22544
weighted avg       0.89      0.88      0.88     22544

Confusion Matrix:
[[9259  187  120   20  125]
 [ 101 1890  292   77   61]
 [ 371   61 6630  271  125]
 [  15    8   18  146   13]
 [ 738    5   94   47 1870]]
