Epoch: 34
20201115_025935
Accuracy: 0.8781937544357701
Classification Report:
              precision    recall  f1-score   support

           0       0.90      0.95      0.93      9711
           1       0.87      0.75      0.81      2421
           2       0.91      0.90      0.90      7458
           3       0.20      0.81      0.32       200
           4       0.93      0.67      0.78      2754

    accuracy                           0.88     22544
   macro avg       0.76      0.82      0.75     22544
weighted avg       0.90      0.88      0.88     22544

Confusion Matrix:
[[9259  187  123   42  100]
 [  19 1822  504   55   21]
 [ 324   70 6715  346    3]
 [  13    2   13  163    9]
 [ 674    5   31  205 1839]]
