Epoch: 131
20201115_175344
Accuracy: 0.8782381121362669
Classification Report:
              precision    recall  f1-score   support

           0       0.91      0.90      0.91      9711
           1       0.70      0.90      0.79      2421
           2       0.94      0.91      0.92      7458
           3       0.13      0.26      0.17       200
           4       0.92      0.74      0.82      2754

    accuracy                           0.88     22544
   macro avg       0.72      0.74      0.72     22544
weighted avg       0.89      0.88      0.88     22544

Confusion Matrix:
[[8745  681  152   27  106]
 [  18 2170  186   14   33]
 [ 292  125 6808  220   13]
 [   8  106    6   51   29]
 [ 498   10  129   92 2025]]
