Epoch: 96
20201115_022048
Accuracy: 0.8783268275372604
Classification Report:
              precision    recall  f1-score   support

           0       0.92      0.88      0.90      9711
           1       0.85      0.80      0.83      2421
           2       0.88      0.94      0.91      7458
           3       0.28      0.91      0.43       200
           4       0.86      0.79      0.83      2754

    accuracy                           0.88     22544
   macro avg       0.76      0.86      0.78     22544
weighted avg       0.89      0.88      0.88     22544

Confusion Matrix:
[[8523  204  599   79  306]
 [ 118 1941  290   62   10]
 [ 286  115 6976   65   16]
 [   3    0    0  181   16]
 [ 294   11   18  251 2180]]
