Epoch: 164
20201115_180241
Accuracy: 0.8785042583392477
Classification Report:
              precision    recall  f1-score   support

           0       0.92      0.90      0.91      9711
           1       0.69      0.88      0.77      2421
           2       0.91      0.92      0.92      7458
           3       0.17      0.26      0.20       200
           4       0.92      0.74      0.82      2754

    accuracy                           0.88     22544
   macro avg       0.72      0.74      0.73     22544
weighted avg       0.89      0.88      0.88     22544

Confusion Matrix:
[[8730  679  169   26  107]
 [  11 2121  230   24   35]
 [ 306  140 6860  148    4]
 [  12  108    2   52   26]
 [ 390   11  250   61 2042]]
