Epoch: 986
20201115_053636
Accuracy: 0.8788591199432222
Classification Report:
              precision    recall  f1-score   support

           0       0.91      0.90      0.90      9711
           1       0.73      0.87      0.79      2421
           2       0.95      0.90      0.92      7458
           3       0.36      0.73      0.48       200
           4       0.83      0.76      0.79      2754

    accuracy                           0.88     22544
   macro avg       0.76      0.83      0.78     22544
weighted avg       0.89      0.88      0.88     22544

Confusion Matrix:
[[8765  654  147   56   89]
 [  24 2101  186  105    5]
 [ 300   96 6711   27  324]
 [  23   10   10  147   10]
 [ 572    8   13   72 2089]]
