Epoch: 923
20201115_052613
Accuracy: 0.8791696238466998
Classification Report:
              precision    recall  f1-score   support

           0       0.91      0.90      0.90      9711
           1       0.74      0.88      0.80      2421
           2       0.94      0.90      0.92      7458
           3       0.40      0.76      0.52       200
           4       0.83      0.76      0.80      2754

    accuracy                           0.88     22544
   macro avg       0.76      0.84      0.79     22544
weighted avg       0.89      0.88      0.88     22544

Confusion Matrix:
[[8727  645  185   42  112]
 [  20 2128  202   66    5]
 [ 303   99 6713   42  301]
 [  22    7   12  151    8]
 [ 556    9   10   78 2101]]
