Epoch: 951
20201115_053050
Accuracy: 0.879347054648687
Classification Report:
              precision    recall  f1-score   support

           0       0.90      0.90      0.90      9711
           1       0.74      0.87      0.80      2421
           2       0.95      0.90      0.92      7458
           3       0.43      0.73      0.54       200
           4       0.82      0.76      0.79      2754

    accuracy                           0.88     22544
   macro avg       0.77      0.83      0.79     22544
weighted avg       0.89      0.88      0.88     22544

Confusion Matrix:
[[8737  658  154   41  121]
 [  24 2111  208   69    9]
 [ 303   81 6728   25  321]
 [  25   13    8  146    8]
 [ 577    7    8   60 2102]]
