Epoch: 166
20201115_165649
Accuracy: 0.8795244854506742
Classification Report:
              precision    recall  f1-score   support

           0       0.89      0.95      0.92      9711
           1       0.86      0.84      0.85      2421
           2       0.93      0.88      0.90      7458
           3       0.26      0.48      0.34       200
           4       0.80      0.69      0.74      2754

    accuracy                           0.88     22544
   macro avg       0.75      0.77      0.75     22544
weighted avg       0.88      0.88      0.88     22544

Confusion Matrix:
[[9246  211  148   22   84]
 [  61 2044  264   25   27]
 [ 474   91 6550    5  338]
 [  19   13   61   97   10]
 [ 583    8   54  218 1891]]
