Epoch: 49
20201121_175852
Accuracy: 0.8657292405961675
Classification Report:
              precision    recall  f1-score   support

           0       0.93      0.87      0.90      9711
           1       0.72      0.80      0.76      2421
           2       0.96      0.87      0.91      7458
           3       0.35      0.76      0.48       200
           4       0.70      0.91      0.79      2754

    accuracy                           0.87     22544
   macro avg       0.73      0.84      0.77     22544
weighted avg       0.88      0.87      0.87     22544

Confusion Matrix:
[[8406  691  124   45  445]
 [  80 1944  145  108  144]
 [ 400   24 6505   75  454]
 [   8   18    0  151   23]
 [ 177   13    4   49 2511]]
