Epoch: 49
20201121_175837
Accuracy: 0.8662171753016323
Classification Report:
              precision    recall  f1-score   support

           0       0.95      0.87      0.91      9711
           1       0.72      0.82      0.76      2421
           2       0.95      0.87      0.91      7458
           3       0.25      0.80      0.38       200
           4       0.72      0.87      0.79      2754

    accuracy                           0.87     22544
   macro avg       0.72      0.85      0.75     22544
weighted avg       0.89      0.87      0.87     22544

Confusion Matrix:
[[8483  677  157   69  325]
 [  28 1981  196  140   76]
 [ 272   83 6512   81  510]
 [   9   19    0  160   12]
 [ 160    7   12  183 2392]]
