Epoch: 99
20201121_011539
Accuracy: 0.8679471256210078
Classification Report:
              precision    recall  f1-score   support

           0       0.91      0.90      0.90      9711
           1       0.72      0.80      0.76      2421
           2       0.94      0.89      0.91      7458
           3       0.44      0.81      0.57       200
           4       0.75      0.77      0.76      2754

    accuracy                           0.87     22544
   macro avg       0.75      0.83      0.78     22544
weighted avg       0.87      0.87      0.87     22544

Confusion Matrix:
[[8738  673  132   28  140]
 [ 149 1929  129   73  141]
 [ 353   44 6631   27  403]
 [  10   19    2  162    7]
 [ 368    5  193   81 2107]]
