Epoch: 99
20201120_235550
Accuracy: 0.8549503193754435
Classification Report:
              precision    recall  f1-score   support

           0       0.93      0.88      0.90      9711
           1       0.70      0.75      0.72      2421
           2       0.94      0.89      0.91      7458
           3       0.19      0.81      0.31       200
           4       0.73      0.78      0.75      2754

    accuracy                           0.85     22544
   macro avg       0.70      0.82      0.72     22544
weighted avg       0.88      0.85      0.86     22544

Confusion Matrix:
[[8535  672  119   88  297]
 [  79 1815  273  194   60]
 [ 265   89 6613   72  419]
 [  14    8    1  163   14]
 [ 260   11    3  332 2148]]
