Epoch: 9
20201120_161254
Accuracy: 0.8565915542938254
Classification Report:
              precision    recall  f1-score   support

           0       0.93      0.88      0.90      9711
           1       0.69      0.74      0.71      2421
           2       0.95      0.87      0.91      7458
           3       0.18      0.77      0.29       200
           4       0.76      0.86      0.81      2754

    accuracy                           0.86     22544
   macro avg       0.70      0.82      0.72     22544
weighted avg       0.88      0.86      0.87     22544

Confusion Matrix:
[[8544  642  107   96  322]
 [  18 1793  218  158  234]
 [ 350  147 6457  334  170]
 [   8   19    2  154   17]
 [ 267    7   14  103 2363]]
