Epoch: 199
20201115_135339
Accuracy: 0.8321504613200852
Classification Report:
              precision    recall  f1-score   support

           0       0.88      0.85      0.86      9711
           1       0.66      0.73      0.70      2421
           2       0.94      0.88      0.91      7458
           3       0.22      0.79      0.35       200
           4       0.71      0.73      0.72      2754

    accuracy                           0.83     22544
   macro avg       0.68      0.80      0.71     22544
weighted avg       0.85      0.83      0.84     22544

Confusion Matrix:
[[8238  641   81   23  728]
 [ 233 1765  319   38   66]
 [ 312  230 6595  312    9]
 [   6   16    1  158   19]
 [ 567    5    4  174 2004]]
