Epoch: 199
20201117_221230
Accuracy: 0.8194198012775018
Classification Report:
              precision    recall  f1-score   support

           0       0.90      0.89      0.90      9711
           1       0.68      0.82      0.74      2421
           2       0.94      0.88      0.90      7458
           3       0.04      0.34      0.07       200
           4       0.94      0.44      0.60      2754

    accuracy                           0.82     22544
   macro avg       0.70      0.67      0.64     22544
weighted avg       0.89      0.82      0.84     22544

Confusion Matrix:
[[8684  689  113  162   63]
 [   8 1975  330  103    5]
 [ 342  128 6534  451    3]
 [  12  111    2   69    6]
 [ 599   11    7  926 1211]]
