Epoch: 49
20201121_172949
Accuracy: 0.8179559971611071
Classification Report:
              precision    recall  f1-score   support

           0       0.82      0.89      0.85      9711
           1       0.69      0.78      0.73      2421
           2       0.95      0.91      0.93      7458
           3       0.16      0.60      0.26       200
           4       0.76      0.35      0.48      2754

    accuracy                           0.82     22544
   macro avg       0.68      0.71      0.65     22544
weighted avg       0.83      0.82      0.81     22544

Confusion Matrix:
[[8666  671  141   39  194]
 [  88 1882  163  226   62]
 [ 214  108 6797  315   24]
 [  32   20    4  120   24]
 [1622   45   78   34  975]]
