21
20201019_143411
0.8500709723207949
              precision    recall  f1-score   support

           0       0.87      0.90      0.89      9711
           1       0.75      0.92      0.83      2421
           2       0.96      0.73      0.83      7458
           3       0.53      0.81      0.64       200
           4       0.72      0.93      0.81      2754

    accuracy                           0.85     22544
   macro avg       0.77      0.86      0.80     22544
weighted avg       0.87      0.85      0.85     22544

[[8786  265   88   42  530]
 [  17 2231  137   15   21]
 [1142  463 5427   40  386]
 [   1    0    0  162   37]
 [ 129   11    9   47 2558]]
