52
20201019_152158
0.8502484031227822
              precision    recall  f1-score   support

           0       0.87      0.90      0.89      9711
           1       0.85      0.80      0.83      2421
           2       0.94      0.78      0.85      7458
           3       0.45      0.81      0.58       200
           4       0.68      0.91      0.78      2754

    accuracy                           0.85     22544
   macro avg       0.76      0.84      0.78     22544
weighted avg       0.87      0.85      0.85     22544

[[8754  255  147   80  475]
 [   3 1943  208   26  241]
 [1145   53 5810    3  447]
 [   2   16    0  163   19]
 [ 153    6    6   91 2498]]
