42
20201019_182134
0.8504258339247693
              precision    recall  f1-score   support

           0       0.85      0.91      0.88      9711
           1       0.83      0.90      0.86      2421
           2       0.95      0.75      0.84      7458
           3       0.46      0.81      0.59       200
           4       0.72      0.88      0.79      2754

    accuracy                           0.85     22544
   macro avg       0.76      0.85      0.79     22544
weighted avg       0.86      0.85      0.85     22544

[[8806  304   70   54  477]
 [   8 2167  201   24   21]
 [1299  124 5614   25  396]
 [   7    1    0  163   29]
 [ 229   14    3   86 2422]]
