49
20201019_203031
0.8505589070262598
              precision    recall  f1-score   support

           0       0.87      0.90      0.89      9711
           1       0.80      0.91      0.85      2421
           2       0.96      0.74      0.84      7458
           3       0.36      0.88      0.51       200
           4       0.72      0.92      0.81      2754

    accuracy                           0.85     22544
   macro avg       0.74      0.87      0.78     22544
weighted avg       0.87      0.85      0.85     22544

[[8738  312   88  108  465]
 [   0 2205  134   16   66]
 [1143  238 5518  119  440]
 [   2    0    0  175   23]
 [ 130    7    5   73 2539]]
