27
20201019_175038
0.8505589070262598
              precision    recall  f1-score   support

           0       0.87      0.91      0.89      9711
           1       0.76      0.91      0.83      2421
           2       0.95      0.74      0.83      7458
           3       0.57      0.82      0.68       200
           4       0.73      0.89      0.80      2754

    accuracy                           0.85     22544
   macro avg       0.78      0.85      0.81     22544
weighted avg       0.86      0.85      0.85     22544

[[8831  280  122   56  422]
 [   3 2202  140   17   59]
 [1128  401 5535    0  394]
 [   8    2    0  165   25]
 [ 230   28    5   49 2442]]
