29
20201019_155938
0.8505589070262598
              precision    recall  f1-score   support

           0       0.87      0.91      0.89      9711
           1       0.78      0.89      0.83      2421
           2       0.97      0.78      0.87      7458
           3       0.38      0.86      0.52       200
           4       0.70      0.79      0.74      2754

    accuracy                           0.85     22544
   macro avg       0.74      0.85      0.77     22544
weighted avg       0.87      0.85      0.85     22544

[[8841  343   22   69  436]
 [  62 2160  154   27   18]
 [ 786  265 5838  136  433]
 [   2    1    0  173   24]
 [ 522   12    1   56 2163]]
