54
0.8506919801277502
              precision    recall  f1-score   support

           0       0.87      0.91      0.89      9711
           1       0.70      0.86      0.77      2421
           2       0.97      0.84      0.90      7458
           3       0.10      0.28      0.15       200
           4       0.82      0.70      0.76      2754

    accuracy                           0.85     22544
   macro avg       0.69      0.72      0.69     22544
weighted avg       0.87      0.85      0.86     22544

[[8840  686   61   55   69]
 [  34 2079  155  153    0]
 [ 583   62 6266  201  346]
 [  21  111    1   56   11]
 [ 719   11    0   87 1937]]
