23
20201019_155850
0.850736337828247
              precision    recall  f1-score   support

           0       0.86      0.91      0.89      9711
           1       0.77      0.89      0.83      2421
           2       0.97      0.79      0.87      7458
           3       0.42      0.85      0.57       200
           4       0.71      0.78      0.74      2754

    accuracy                           0.85     22544
   macro avg       0.75      0.84      0.78     22544
weighted avg       0.86      0.85      0.85     22544

[[8841  348   19   78  425]
 [  56 2160  164   25   16]
 [ 840  278 5858   61  421]
 [   3    1    0  170   26]
 [ 524   11    2   67 2150]]
