87
0.850736337828247
              precision    recall  f1-score   support

           0       0.88      0.89      0.88      9711
           1       0.73      0.85      0.79      2421
           2       0.95      0.85      0.90      7458
           3       0.18      0.60      0.27       200
           4       0.78      0.75      0.76      2754

    accuracy                           0.85     22544
   macro avg       0.70      0.79      0.72     22544
weighted avg       0.87      0.85      0.86     22544

[[8611  675  110   93  222]
 [  33 2061  205  116    6]
 [ 532   12 6323  235  356]
 [  10   56    0  120   14]
 [ 563    8    1  118 2064]]
