59
20201019_163814
0.8509137686302342
              precision    recall  f1-score   support

           0       0.87      0.90      0.88      9711
           1       0.80      0.88      0.84      2421
           2       0.96      0.74      0.84      7458
           3       0.41      0.80      0.54       200
           4       0.71      0.96      0.82      2754

    accuracy                           0.85     22544
   macro avg       0.75      0.86      0.78     22544
weighted avg       0.87      0.85      0.85     22544

[[8696  409   44   31  531]
 [   7 2138  169   62   45]
 [1251  100 5549   87  471]
 [   1   17    0  159   23]
 [  60    6    2   45 2641]]
