16
20201019_163302
0.850958126330731
              precision    recall  f1-score   support

           0       0.88      0.90      0.89      9711
           1       0.86      0.86      0.86      2421
           2       0.95      0.74      0.84      7458
           3       0.45      0.78      0.57       200
           4       0.66      0.97      0.78      2754

    accuracy                           0.85     22544
   macro avg       0.76      0.85      0.79     22544
weighted avg       0.87      0.85      0.85     22544

[[8725  258   10   52  666]
 [   7 2090  250   23   51]
 [1153   66 5547   58  634]
 [   0   16    0  155   29]
 [  20    8    3   56 2667]]
