5
20201019_193501
0.8511799148332151
              precision    recall  f1-score   support

           0       0.87      0.90      0.89      9711
           1       0.76      0.91      0.83      2421
           2       0.96      0.74      0.84      7458
           3       0.45      0.86      0.59       200
           4       0.72      0.93      0.81      2754

    accuracy                           0.85     22544
   macro avg       0.75      0.87      0.79     22544
weighted avg       0.87      0.85      0.85     22544

[[8712  332   45   80  542]
 [   4 2197  178   31   11]
 [1143  331 5549   40  395]
 [   1    2    0  172   25]
 [ 100   28    5   62 2559]]
