14
20201019_162352
0.8511355571327183
              precision    recall  f1-score   support

           0       0.87      0.85      0.86      9711
           1       0.82      0.91      0.86      2421
           2       0.90      0.83      0.87      7458
           3       0.47      0.80      0.59       200
           4       0.74      0.85      0.79      2754

    accuracy                           0.85     22544
   macro avg       0.76      0.85      0.80     22544
weighted avg       0.86      0.85      0.85     22544

[[8290  292  535   58  536]
 [   1 2202  117    8   93]
 [ 888  141 6195   59  175]
 [   5    8    0  159   28]
 [ 322   35    3   52 2342]]
