36
20201019_154707
0.8513573456352023
              precision    recall  f1-score   support

           0       0.90      0.86      0.88      9711
           1       0.72      0.81      0.77      2421
           2       0.91      0.84      0.87      7458
           3       0.69      0.81      0.74       200
           4       0.72      0.91      0.80      2754

    accuracy                           0.85     22544
   macro avg       0.79      0.84      0.81     22544
weighted avg       0.86      0.85      0.85     22544

[[8322  607  252   41  489]
 [ 107 1968  325    4   17]
 [ 678  102 6247    0  431]
 [   1    0    0  161   38]
 [ 180   39   12   28 2495]]
