34
20201019_182036
0.8514460610361959
              precision    recall  f1-score   support

           0       0.87      0.90      0.88      9711
           1       0.83      0.90      0.87      2421
           2       0.95      0.75      0.84      7458
           3       0.47      0.81      0.59       200
           4       0.68      0.92      0.78      2754

    accuracy                           0.85     22544
   macro avg       0.76      0.86      0.79     22544
weighted avg       0.87      0.85      0.85     22544

[[8698  300   79   58  576]
 [   4 2181  187   27   22]
 [1138  124 5611   15  570]
 [   3    1    0  162   34]
 [ 107   15    3   86 2543]]
