61
0.8515347764371894
              precision    recall  f1-score   support

           0       0.89      0.90      0.89      9711
           1       0.73      0.85      0.78      2421
           2       0.95      0.84      0.89      7458
           3       0.17      0.59      0.26       200
           4       0.78      0.75      0.77      2754

    accuracy                           0.85     22544
   macro avg       0.70      0.79      0.72     22544
weighted avg       0.87      0.85      0.86     22544

[[8701  676   87  103  144]
 [  26 2047  211  121   16]
 [ 512   13 6253  261  419]
 [  10   54    0  119   17]
 [ 569    7    0  101 2077]]
