56
20201019_191451
0.8516234918381831
              precision    recall  f1-score   support

           0       0.87      0.91      0.89      9711
           1       0.81      0.92      0.86      2421
           2       0.97      0.74      0.84      7458
           3       0.26      0.80      0.39       200
           4       0.75      0.90      0.82      2754

    accuracy                           0.85     22544
   macro avg       0.73      0.85      0.76     22544
weighted avg       0.87      0.85      0.86     22544

[[8799  281   69  120  442]
 [   4 2231  110   21   55]
 [1143  236 5538  243  298]
 [   1   16    0  159   24]
 [ 210    3    3   66 2472]]
