31
20201019_200128
0.8517565649396736
              precision    recall  f1-score   support

           0       0.88      0.89      0.88      9711
           1       0.78      0.89      0.83      2421
           2       0.95      0.75      0.84      7458
           3       0.38      0.81      0.52       200
           4       0.73      0.97      0.84      2754

    accuracy                           0.85     22544
   macro avg       0.74      0.86      0.78     22544
weighted avg       0.87      0.85      0.85     22544

[[8632  230  166   84  599]
 [   1 2151  135   93   41]
 [1158  359 5575   55  311]
 [   3    3    0  162   32]
 [  26    8    3   35 2682]]
