30
20201019_195145
0.8518452803406671
              precision    recall  f1-score   support

           0       0.87      0.89      0.88      9711
           1       0.84      0.84      0.84      2421
           2       0.97      0.77      0.86      7458
           3       0.31      0.82      0.45       200
           4       0.70      0.94      0.80      2754

    accuracy                           0.85     22544
   macro avg       0.74      0.85      0.77     22544
weighted avg       0.87      0.85      0.86     22544

[[8675  263   64  148  561]
 [  27 2042  133  123   96]
 [1175  126 5728    4  425]
 [   2    0    0  165   33]
 [  57    7    2   94 2594]]
