46
20201019_152111
0.8522444996451384
              precision    recall  f1-score   support

           0       0.87      0.91      0.89      9711
           1       0.85      0.80      0.83      2421
           2       0.96      0.78      0.86      7458
           3       0.44      0.80      0.57       200
           4       0.67      0.91      0.77      2754

    accuracy                           0.85     22544
   macro avg       0.76      0.84      0.78     22544
weighted avg       0.87      0.85      0.85     22544

[[8803  265   77   90  476]
 [   3 1935  184   23  276]
 [1148   42 5818    2  448]
 [   3   16    0  160   21]
 [ 155    6    7   89 2497]]
