29
20201019_194258
0.8522444996451384
              precision    recall  f1-score   support

           0       0.89      0.86      0.88      9711
           1       0.82      0.89      0.85      2421
           2       0.91      0.81      0.86      7458
           3       0.38      0.84      0.53       200
           4       0.72      0.89      0.79      2754

    accuracy                           0.85     22544
   macro avg       0.74      0.86      0.78     22544
weighted avg       0.86      0.85      0.86     22544

[[8391  262  452  125  481]
 [   3 2152  166   64   36]
 [ 768  193 6060    8  429]
 [   3    2    0  169   26]
 [ 229    5    5   74 2441]]
