63
0.8523775727466288
              precision    recall  f1-score   support

           0       0.89      0.90      0.89      9711
           1       0.73      0.84      0.78      2421
           2       0.95      0.85      0.90      7458
           3       0.15      0.58      0.24       200
           4       0.79      0.75      0.77      2754

    accuracy                           0.85     22544
   macro avg       0.70      0.78      0.72     22544
weighted avg       0.88      0.85      0.86     22544

[[8697  674   87  104  149]
 [  27 2028  215  137   14]
 [ 463   11 6310  290  384]
 [  11   56    0  117   16]
 [ 569    7    1  113 2064]]
