12
20201019_194044
0.8524662881476224
              precision    recall  f1-score   support

           0       0.89      0.90      0.90      9711
           1       0.81      0.89      0.85      2421
           2       0.97      0.81      0.88      7458
           3       0.33      0.82      0.47       200
           4       0.63      0.77      0.69      2754

    accuracy                           0.85     22544
   macro avg       0.73      0.84      0.76     22544
weighted avg       0.87      0.85      0.86     22544

[[8754  266   34  132  525]
 [   6 2160  169   57   29]
 [ 525  233 6023   27  650]
 [   1    0    0  165   34]
 [ 505    7   10  116 2116]]
