8
20201019_160606
0.8527324343506033
              precision    recall  f1-score   support

           0       0.81      0.95      0.88      9711
           1       0.83      0.83      0.83      2421
           2       0.94      0.83      0.88      7458
           3       0.54      0.82      0.65       200
           4       0.89      0.60      0.71      2754

    accuracy                           0.85     22544
   macro avg       0.80      0.81      0.79     22544
weighted avg       0.86      0.85      0.85     22544

[[9250  201  112   38  110]
 [  23 2006  271   46   75]
 [1088  196 6159   12    3]
 [  20    0    0  165   15]
 [1030   21   12   47 1644]]
