40
20201019_182120
0.8528211497515968
              precision    recall  f1-score   support

           0       0.87      0.91      0.89      9711
           1       0.83      0.90      0.86      2421
           2       0.95      0.75      0.84      7458
           3       0.46      0.81      0.59       200
           4       0.70      0.90      0.79      2754

    accuracy                           0.85     22544
   macro avg       0.76      0.85      0.79     22544
weighted avg       0.87      0.85      0.85     22544

[[8799  302   72   56  482]
 [   8 2168  199   25   21]
 [1178  120 5617   22  521]
 [   4    1    0  163   32]
 [ 172   14    3   86 2479]]
