38
20201019_153344
0.8529098651525905
              precision    recall  f1-score   support

           0       0.92      0.84      0.88      9711
           1       0.85      0.89      0.87      2421
           2       0.89      0.82      0.85      7458
           3       0.31      0.90      0.47       200
           4       0.70      0.94      0.80      2754

    accuracy                           0.85     22544
   macro avg       0.74      0.88      0.77     22544
weighted avg       0.87      0.85      0.86     22544

[[8196  247  556   95  617]
 [   6 2154  214   29   18]
 [ 655  133 6117  122  431]
 [   0    2    0  180   18]
 [   8   11    6  148 2581]]
