53
20201019_191427
0.8531760113555713
              precision    recall  f1-score   support

           0       0.87      0.91      0.89      9711
           1       0.81      0.92      0.86      2421
           2       0.97      0.74      0.84      7458
           3       0.28      0.80      0.42       200
           4       0.74      0.91      0.82      2754

    accuracy                           0.85     22544
   macro avg       0.73      0.85      0.76     22544
weighted avg       0.87      0.85      0.86     22544

[[8799  282   68  110  452]
 [   4 2235  111   21   50]
 [1143  227 5545  210  333]
 [   0   16    0  159   25]
 [ 189    3    3   63 2496]]
