56
20201019_175418
0.8531316536550745
              precision    recall  f1-score   support

           0       0.87      0.91      0.89      9711
           1       0.76      0.91      0.83      2421
           2       0.95      0.74      0.84      7458
           3       0.57      0.88      0.69       200
           4       0.75      0.89      0.81      2754

    accuracy                           0.85     22544
   macro avg       0.78      0.87      0.81     22544
weighted avg       0.87      0.85      0.85     22544

[[8854  268  105   68  416]
 [   2 2213  164    6   36]
 [1121  425 5550    0  362]
 [   9    0    0  176   15]
 [ 236   16    3   59 2440]]
