54
20201019_145441
0.8537526614620298
              precision    recall  f1-score   support

           0       0.88      0.83      0.85      9711
           1       0.84      0.88      0.86      2421
           2       0.89      0.83      0.86      7458
           3       0.45      0.90      0.60       200
           4       0.79      0.95      0.86      2754

    accuracy                           0.85     22544
   macro avg       0.77      0.88      0.81     22544
weighted avg       0.86      0.85      0.85     22544

[[8093  306  572  122  618]
 [   1 2134  213    4   69]
 [1136   91 6224    2    5]
 [   0    0    2  180   18]
 [  14   15   14   95 2616]]
