64
0.853708303761533
              precision    recall  f1-score   support

           0       0.89      0.90      0.89      9711
           1       0.73      0.84      0.78      2421
           2       0.95      0.85      0.90      7458
           3       0.16      0.59      0.25       200
           4       0.79      0.75      0.77      2754

    accuracy                           0.85     22544
   macro avg       0.71      0.79      0.72     22544
weighted avg       0.88      0.85      0.86     22544

[[8726  675   87  101  122]
 [  28 2025  211  141   16]
 [ 465   11 6310  272  400]
 [  12   54    0  119   15]
 [ 576    7    1  104 2066]]
