69
0.8537970191625266
              precision    recall  f1-score   support

           0       0.89      0.89      0.89      9711
           1       0.73      0.84      0.78      2421
           2       0.95      0.85      0.90      7458
           3       0.17      0.60      0.26       200
           4       0.78      0.75      0.77      2754

    accuracy                           0.85     22544
   macro avg       0.70      0.79      0.72     22544
weighted avg       0.87      0.85      0.86     22544

[[8691  675   90   93  162]
 [  28 2031  212  137   13]
 [ 454   11 6332  269  392]
 [  11   54    0  120   15]
 [ 574    6    1   99 2074]]
