43
20201019_150739
0.8543293115684882
              precision    recall  f1-score   support

           0       0.88      0.88      0.88      9711
           1       0.80      0.93      0.86      2421
           2       0.95      0.76      0.84      7458
           3       0.54      0.79      0.64       200
           4       0.70      0.96      0.81      2754

    accuracy                           0.85     22544
   macro avg       0.77      0.86      0.81     22544
weighted avg       0.87      0.85      0.86     22544

[[8572  288  184   51  616]
 [   2 2248  110   25   36]
 [1118  247 5646    0  447]
 [   1    1    0  158   40]
 [  37   17    4   60 2636]]
