16
20201019_184347
0.8549946770759403
              precision    recall  f1-score   support

           0       0.88      0.88      0.88      9711
           1       0.73      0.95      0.82      2421
           2       0.98      0.76      0.86      7458
           3       0.36      0.38      0.37       200
           4       0.73      0.97      0.83      2754

    accuracy                           0.85     22544
   macro avg       0.73      0.79      0.75     22544
weighted avg       0.87      0.85      0.86     22544

[[8566  355    9   77  704]
 [   1 2288   89    6   37]
 [1143  386 5687    3  239]
 [   7   94    0   75   24]
 [  24   16    7   48 2659]]
