19
20201019_153108
0.8552608232789212
              precision    recall  f1-score   support

           0       0.92      0.84      0.88      9711
           1       0.83      0.87      0.85      2421
           2       0.90      0.84      0.87      7458
           3       0.37      0.87      0.52       200
           4       0.70      0.94      0.80      2754

    accuracy                           0.86     22544
   macro avg       0.74      0.87      0.78     22544
weighted avg       0.87      0.86      0.86     22544

[[8187  321  481   93  629]
 [   9 2109  228   63   12]
 [ 681   94 6233    2  448]
 [   3    1    0  174   22]
 [   8   24    7  137 2578]]
