19
20201019_155818
0.8555269694819021
              precision    recall  f1-score   support

           0       0.87      0.91      0.89      9711
           1       0.78      0.90      0.83      2421
           2       0.97      0.80      0.88      7458
           3       0.48      0.85      0.61       200
           4       0.71      0.78      0.74      2754

    accuracy                           0.86     22544
   macro avg       0.76      0.85      0.79     22544
weighted avg       0.87      0.86      0.86     22544

[[8844  347   20   65  435]
 [  42 2170  165   23   21]
 [ 802  255 5954   32  415]
 [   2    2    0  170   26]
 [ 524   11    3   67 2149]]
