61
20201019_174549
0.8559705464868701
              precision    recall  f1-score   support

           0       0.87      0.91      0.89      9711
           1       0.81      0.87      0.84      2421
           2       0.95      0.80      0.87      7458
           3       0.47      0.69      0.56       200
           4       0.71      0.83      0.77      2754

    accuracy                           0.86     22544
   macro avg       0.76      0.82      0.78     22544
weighted avg       0.87      0.86      0.86     22544

[[8821  304   58   76  452]
 [   4 2114  251    6   46]
 [ 930  150 5931   49  398]
 [   6   19    0  138   37]
 [ 421   12    3   25 2293]]
