54
20201019_153556
0.8561923349893541
              precision    recall  f1-score   support

           0       0.92      0.84      0.88      9711
           1       0.83      0.89      0.86      2421
           2       0.89      0.83      0.86      7458
           3       0.37      0.89      0.53       200
           4       0.70      0.94      0.80      2754

    accuracy                           0.86     22544
   macro avg       0.74      0.88      0.79     22544
weighted avg       0.87      0.86      0.86     22544

[[8195  305  504   96  611]
 [   2 2159  219   25   16]
 [ 655  134 6192   24  453]
 [   1    2    0  177   20]
 [  10    9    4  152 2579]]
