44
20201019_153434
0.8563697657913414
              precision    recall  f1-score   support

           0       0.92      0.84      0.88      9711
           1       0.85      0.90      0.87      2421
           2       0.89      0.83      0.86      7458
           3       0.36      0.88      0.51       200
           4       0.70      0.94      0.80      2754

    accuracy                           0.86     22544
   macro avg       0.74      0.88      0.78     22544
weighted avg       0.87      0.86      0.86     22544

[[8194  247  557   95  618]
 [   4 2172  204   23   18]
 [ 655  131 6182   50  440]
 [   0    4    0  176   20]
 [  10   10    6  146 2582]]
