52
20201019_153540
0.8565471965933286
              precision    recall  f1-score   support

           0       0.92      0.84      0.88      9711
           1       0.83      0.89      0.86      2421
           2       0.89      0.83      0.86      7458
           3       0.38      0.89      0.53       200
           4       0.70      0.94      0.80      2754

    accuracy                           0.86     22544
   macro avg       0.75      0.88      0.79     22544
weighted avg       0.87      0.86      0.86     22544

[[8195  292  516   96  612]
 [   2 2163  219   23   14]
 [ 655  132 6194   26  451]
 [   0    3    0  177   20]
 [  10   10    4  149 2581]]
