46
20201019_191332
0.8590755855216465
              precision    recall  f1-score   support

           0       0.88      0.90      0.89      9711
           1       0.81      0.93      0.87      2421
           2       0.97      0.75      0.85      7458
           3       0.35      0.78      0.48       200
           4       0.73      0.96      0.83      2754

    accuracy                           0.86     22544
   macro avg       0.75      0.86      0.78     22544
weighted avg       0.88      0.86      0.86     22544

[[8735  283   69   76  548]
 [   9 2240  115   12   45]
 [1142  207 5596  141  372]
 [   1   15    0  155   29]
 [  46    5    3   59 2641]]
