45
20201019_191324
0.8592530163236338
              precision    recall  f1-score   support

           0       0.88      0.90      0.89      9711
           1       0.81      0.93      0.87      2421
           2       0.97      0.75      0.85      7458
           3       0.36      0.77      0.49       200
           4       0.73      0.96      0.83      2754

    accuracy                           0.86     22544
   macro avg       0.75      0.86      0.78     22544
weighted avg       0.88      0.86      0.86     22544

[[8730  285   69   74  553]
 [   8 2241  116   10   46]
 [1142  209 5602  133  372]
 [   1   15    0  154   30]
 [  43    5    3   59 2644]]
