29
20201019_153231
0.859208658623137
              precision    recall  f1-score   support

           0       0.92      0.84      0.88      9711
           1       0.86      0.89      0.87      2421
           2       0.89      0.84      0.86      7458
           3       0.40      0.90      0.55       200
           4       0.70      0.94      0.80      2754

    accuracy                           0.86     22544
   macro avg       0.75      0.88      0.79     22544
weighted avg       0.87      0.86      0.86     22544

[[8196  251  536   97  631]
 [   8 2145  223   35   10]
 [ 667   87 6257    2  445]
 [   1    0    0  179   20]
 [   9   11    4  137 2593]]
