24
20201019_191039
0.8599627395315826
              precision    recall  f1-score   support

           0       0.88      0.89      0.89      9711
           1       0.80      0.93      0.86      2421
           2       0.97      0.76      0.85      7458
           3       0.55      0.79      0.65       200
           4       0.70      0.97      0.81      2754

    accuracy                           0.86     22544
   macro avg       0.78      0.87      0.81     22544
weighted avg       0.88      0.86      0.86     22544

[[8644  316   23   55  673]
 [   2 2260  119    8   32]
 [1134  234 5649   31  410]
 [   1    8    0  157   34]
 [  31    6    6   34 2677]]
