Epoch: 199
20201118_213559
Accuracy: 0.8546398154719659
Classification Report:
              precision    recall  f1-score   support

           0       0.89      0.91      0.90      9711
           1       0.80      0.74      0.77      2421
           2       0.86      0.90      0.88      7458
           3       0.31      0.64      0.42       200
           4       0.85      0.67      0.75      2754

    accuracy                           0.85     22544
   macro avg       0.74      0.77      0.74     22544
weighted avg       0.86      0.85      0.85     22544

Confusion Matrix:
[[8794  253  548   28   88]
 [  54 1787  514   39   27]
 [ 392  147 6707   18  194]
 [  13   31    2  128   26]
 [ 653    2   49  199 1851]]
