15
20201019_155746
0.8601401703335699
              precision    recall  f1-score   support

           0       0.88      0.91      0.89      9711
           1       0.78      0.90      0.84      2421
           2       0.97      0.81      0.88      7458
           3       0.42      0.84      0.56       200
           4       0.71      0.78      0.74      2754

    accuracy                           0.86     22544
   macro avg       0.75      0.85      0.78     22544
weighted avg       0.87      0.86      0.86     22544

[[8846  349    8   78  430]
 [  23 2173  166   35   24]
 [ 715  244 6057   44  398]
 [   2    3    0  169   26]
 [ 521   11    1   75 2146]]
