18
20201019_164939
0.8613378282469837
              precision    recall  f1-score   support

           0       0.94      0.87      0.90      9711
           1       0.84      0.90      0.87      2421
           2       0.96      0.81      0.88      7458
           3       0.26      0.84      0.40       200
           4       0.64      0.94      0.76      2754

    accuracy                           0.86     22544
   macro avg       0.73      0.87      0.76     22544
weighted avg       0.89      0.86      0.87     22544

[[8474  269   92  143  733]
 [   4 2171  118  108   20]
 [ 512  136 6016  123  671]
 [   0    2    0  168   30]
 [  40    9    9  107 2589]]
