14
20201019_175254
0.8630234208658624
              precision    recall  f1-score   support

           0       0.93      0.86      0.89      9711
           1       0.79      0.94      0.86      2421
           2       0.96      0.82      0.88      7458
           3       0.39      0.84      0.54       200
           4       0.66      0.94      0.78      2754

    accuracy                           0.86     22544
   macro avg       0.75      0.88      0.79     22544
weighted avg       0.89      0.86      0.87     22544

[[8323  338  102   65  883]
 [   0 2276  129    7    9]
 [ 653  264 6103   44  394]
 [   0    1    0  168   31]
 [   3   20    3  142 2586]]
