14
20201019_143315
0.8637331440738112
              precision    recall  f1-score   support

           0       0.92      0.89      0.90      9711
           1       0.82      0.82      0.82      2421
           2       0.97      0.81      0.88      7458
           3       0.58      0.70      0.64       200
           4       0.63      0.97      0.76      2754

    accuracy                           0.86     22544
   macro avg       0.78      0.84      0.80     22544
weighted avg       0.89      0.86      0.87     22544

[[8635  249   14   30  783]
 [   4 1989  169   22  237]
 [ 748  133 6041    0  536]
 [   0   25    0  140   35]
 [  13   20    6   48 2667]]
