34
20201019_165135
0.8645759403832506
              precision    recall  f1-score   support

           0       0.91      0.88      0.90      9711
           1       0.84      0.90      0.87      2421
           2       0.95      0.81      0.88      7458
           3       0.44      0.86      0.58       200
           4       0.66      0.91      0.76      2754

    accuracy                           0.86     22544
   macro avg       0.76      0.87      0.80     22544
weighted avg       0.88      0.86      0.87     22544

[[8581  276  101  101  652]
 [   0 2185  177   34   25]
 [ 670  125 6054    1  608]
 [   0    1    0  172   27]
 [ 152    7   13   83 2499]]
