19
20201019_143355
0.8667051100070973
              precision    recall  f1-score   support

           0       0.92      0.89      0.91      9711
           1       0.81      0.83      0.82      2421
           2       0.97      0.81      0.88      7458
           3       0.60      0.72      0.66       200
           4       0.64      0.96      0.77      2754

    accuracy                           0.87     22544
   macro avg       0.79      0.84      0.81     22544
weighted avg       0.89      0.87      0.87     22544

[[8687  291   10   37  686]
 [   1 2000  168   10  242]
 [ 749  128 6051    0  530]
 [   4   19    0  144   33]
 [  12   29    8   48 2657]]
