30
20201019_143524
0.868124556422995
              precision    recall  f1-score   support

           0       0.90      0.91      0.91      9711
           1       0.83      0.82      0.83      2421
           2       0.97      0.81      0.88      7458
           3       0.63      0.71      0.67       200
           4       0.66      0.93      0.77      2754

    accuracy                           0.87     22544
   macro avg       0.80      0.84      0.81     22544
weighted avg       0.88      0.87      0.87     22544

[[8856  279   27   37  512]
 [   1 1996  161    6  257]
 [ 839   84 6004    0  531]
 [   7   16    0  142   35]
 [ 120   17    3   41 2573]]
