Epoch: 22
20201121_151415
Accuracy: 0.8927874378992193
Classification Report:
              precision    recall  f1-score   support

           0       0.93      0.93      0.93      9711
           1       0.82      0.82      0.82      2421
           2       0.94      0.90      0.92      7458
           3       0.19      0.15      0.17       200
           4       0.75      0.87      0.81      2754

    accuracy                           0.89     22544
   macro avg       0.73      0.73      0.73     22544
weighted avg       0.89      0.89      0.89     22544

Confusion Matrix:
[[9050  245  160   17  239]
 [  42 1975  256   70   78]
 [ 291   58 6684    0  425]
 [  10  113    0   31   46]
 [ 298   11   12   46 2387]]
