Epoch: 191
20201119_010837
Accuracy: 0.8805447125621008
Classification Report:
              precision    recall  f1-score   support

           0       0.92      0.90      0.91      9711
           1       0.86      0.84      0.85      2421
           2       0.89      0.91      0.90      7458
           3       0.31      0.77      0.44       200
           4       0.84      0.77      0.80      2754

    accuracy                           0.88     22544
   macro avg       0.76      0.84      0.78     22544
weighted avg       0.89      0.88      0.88     22544

Confusion Matrix:
[[8736  198  572   35  170]
 [   2 2042  253   34   90]
 [ 313  105 6808  112  120]
 [  21   16    2  153    8]
 [ 468    7    5  162 2112]]
