Epoch: 58
20201119_142313
Accuracy: 0.880943931866572
Classification Report:
              precision    recall  f1-score   support

           0       0.92      0.90      0.91      9711
           1       0.70      0.78      0.74      2421
           2       0.92      0.91      0.92      7458
           3       0.34      0.77      0.47       200
           4       0.88      0.84      0.86      2754

    accuracy                           0.88     22544
   macro avg       0.75      0.84      0.78     22544
weighted avg       0.89      0.88      0.88     22544

Confusion Matrix:
[[8702  661  142   59  147]
 [  39 1882  335   19  146]
 [ 360  112 6821  158    7]
 [  15    5   14  153   13]
 [ 307   13   70   62 2302]]
