Epoch: 92
20201119_143315
Accuracy: 0.8812100780695529
Classification Report:
              precision    recall  f1-score   support

           0       0.92      0.90      0.91      9711
           1       0.70      0.76      0.73      2421
           2       0.92      0.92      0.92      7458
           3       0.34      0.85      0.49       200
           4       0.91      0.81      0.86      2754

    accuracy                           0.88     22544
   macro avg       0.76      0.85      0.78     22544
weighted avg       0.89      0.88      0.88     22544

Confusion Matrix:
[[8736  657  152   56  110]
 [  61 1848  395   15  102]
 [ 325  111 6872  145    5]
 [  14    0    3  170   13]
 [ 318   12   74  110 2240]]
