Epoch: 95
20201119_003808
Accuracy: 0.8812100780695529
Classification Report:
              precision    recall  f1-score   support

           0       0.90      0.90      0.90      9711
           1       0.87      0.85      0.86      2421
           2       0.90      0.92      0.91      7458
           3       0.45      0.75      0.56       200
           4       0.82      0.75      0.78      2754

    accuracy                           0.88     22544
   macro avg       0.79      0.83      0.80     22544
weighted avg       0.88      0.88      0.88     22544

Confusion Matrix:
[[8722  200  560   34  195]
 [   2 2069  231   23   96]
 [ 309   94 6872   26  157]
 [  22   16    1  150   11]
 [ 586    7    9   99 2053]]
