Epoch: 99
20201119_003926
Accuracy: 0.8828069552874379
Classification Report:
              precision    recall  f1-score   support

           0       0.91      0.90      0.91      9711
           1       0.86      0.85      0.85      2421
           2       0.89      0.92      0.91      7458
           3       0.43      0.77      0.55       200
           4       0.83      0.76      0.80      2754

    accuracy                           0.88     22544
   macro avg       0.79      0.84      0.80     22544
weighted avg       0.89      0.88      0.88     22544

Confusion Matrix:
[[8728  202  569   24  188]
 [   2 2048  253   23   95]
 [ 314  114 6873   24  133]
 [  21   16    2  154    7]
 [ 508    6   10  131 2099]]
