Epoch: 147
20201119_005447
Accuracy: 0.8831174591909156
Classification Report:
              precision    recall  f1-score   support

           0       0.92      0.90      0.91      9711
           1       0.85      0.86      0.85      2421
           2       0.89      0.92      0.90      7458
           3       0.37      0.70      0.49       200
           4       0.83      0.78      0.80      2754

    accuracy                           0.88     22544
   macro avg       0.77      0.83      0.79     22544
weighted avg       0.89      0.88      0.88     22544

Confusion Matrix:
[[8708  202  573   26  202]
 [   2 2071  251   30   67]
 [ 306  136 6849   26  141]
 [  20   16    0  140   24]
 [ 442    7   11  153 2141]]
