Epoch: 170
20201119_010201
Accuracy: 0.8836497515968772
Classification Report:
              precision    recall  f1-score   support

           0       0.93      0.90      0.91      9711
           1       0.86      0.84      0.85      2421
           2       0.88      0.92      0.90      7458
           3       0.25      0.64      0.36       200
           4       0.87      0.79      0.83      2754

    accuracy                           0.88     22544
   macro avg       0.76      0.82      0.77     22544
weighted avg       0.89      0.88      0.89     22544

Confusion Matrix:
[[8716  199  617   28  151]
 [   3 2041  281   40   56]
 [ 312  115 6862   62  107]
 [  22   16   32  127    3]
 [ 317    6    9  247 2175]]
