Epoch: 89
20201119_003611
Accuracy: 0.8837828246983677
Classification Report:
              precision    recall  f1-score   support

           0       0.91      0.90      0.90      9711
           1       0.86      0.86      0.86      2421
           2       0.89      0.93      0.91      7458
           3       0.43      0.69      0.53       200
           4       0.84      0.77      0.80      2754

    accuracy                           0.88     22544
   macro avg       0.78      0.83      0.80     22544
weighted avg       0.89      0.88      0.88     22544

Confusion Matrix:
[[8708  200  573   27  203]
 [   3 2071  249   19   79]
 [ 310  126 6900   12  110]
 [  21   16   18  138    7]
 [ 501    9    9  128 2107]]
