Epoch: 99
20201119_143519
Accuracy: 0.8840489709013485
Classification Report:
              precision    recall  f1-score   support

           0       0.92      0.90      0.91      9711
           1       0.70      0.76      0.73      2421
           2       0.92      0.92      0.92      7458
           3       0.36      0.84      0.50       200
           4       0.92      0.84      0.87      2754

    accuracy                           0.88     22544
   macro avg       0.76      0.85      0.79     22544
weighted avg       0.89      0.88      0.89     22544

Confusion Matrix:
[[8768  657  140   60   86]
 [  72 1830  397   18  104]
 [ 328  104 6862  160    4]
 [  16    0    1  168   15]
 [ 351   14   21   66 2302]]
