Epoch: 121
20201119_004628
Accuracy: 0.8842707594038325
Classification Report:
              precision    recall  f1-score   support

           0       0.91      0.90      0.91      9711
           1       0.86      0.85      0.85      2421
           2       0.89      0.92      0.91      7458
           3       0.45      0.71      0.55       200
           4       0.83      0.78      0.80      2754

    accuracy                           0.88     22544
   macro avg       0.79      0.83      0.80     22544
weighted avg       0.89      0.88      0.88     22544

Confusion Matrix:
[[8751  200  555   25  180]
 [   2 2046  252   28   93]
 [ 315  114 6852   19  158]
 [  22   15    0  142   21]
 [ 496    6    7  101 2144]]
