Epoch: 39
20201121_172241
Accuracy: 0.8804559971611071
Classification Report:
              precision    recall  f1-score   support

           0       0.94      0.89      0.91      9711
           1       0.73      0.79      0.76      2421
           2       0.93      0.91      0.92      7458
           3       0.53      0.63      0.58       200
           4       0.74      0.89      0.81      2754

    accuracy                           0.88     22544
   macro avg       0.78      0.82      0.80     22544
weighted avg       0.89      0.88      0.88     22544

Confusion Matrix:
[[8596  641  210   24  240]
 [ 117 1902  284   64   54]
 [ 134   30 6769    0  525]
 [  28   18    5  126   23]
 [ 245    5   25   23 2456]]
