Epoch: 41
20201121_160438
Accuracy: 0.8810770049680624
Classification Report:
              precision    recall  f1-score   support

           0       0.95      0.89      0.92      9711
           1       0.71      0.79      0.75      2421
           2       0.95      0.93      0.94      7458
           3       0.33      0.75      0.46       200
           4       0.75      0.81      0.78      2754

    accuracy                           0.88     22544
   macro avg       0.74      0.83      0.77     22544
weighted avg       0.89      0.88      0.89     22544

Confusion Matrix:
[[8673  687  141   22  188]
 [   5 1907  192   72  245]
 [ 141   77 6912   32  296]
 [   9   19    0  150   22]
 [ 321    7   31  174 2221]]
