Epoch: 13
20201121_150914
Accuracy: 0.882319020581973
Classification Report:
              precision    recall  f1-score   support

           0       0.93      0.92      0.92      9711
           1       0.78      0.82      0.80      2421
           2       0.95      0.88      0.91      7458
           3       0.16      0.17      0.16       200
           4       0.73      0.87      0.79      2754

    accuracy                           0.88     22544
   macro avg       0.71      0.73      0.72     22544
weighted avg       0.89      0.88      0.88     22544

Confusion Matrix:
[[8923  351  150   21  266]
 [  53 1978  175  128   87]
 [ 318   72 6572    1  495]
 [   9  113    0   33   45]
 [ 319    9   16   25 2385]]
