Epoch: 23
20201121_151449
Accuracy: 0.884625621007807
Classification Report:
              precision    recall  f1-score   support

           0       0.93      0.92      0.92      9711
           1       0.80      0.82      0.81      2421
           2       0.93      0.89      0.91      7458
           3       0.25      0.15      0.19       200
           4       0.74      0.86      0.80      2754

    accuracy                           0.88     22544
   macro avg       0.73      0.73      0.72     22544
weighted avg       0.89      0.88      0.88     22544

Confusion Matrix:
[[8910  302  241   15  243]
 [  32 1977  256   53  103]
 [ 295   83 6650    2  428]
 [   9  113    0   30   48]
 [ 337    7   12   22 2376]]
