Epoch: 18
20201121_151203
Accuracy: 0.8850248403122782
Classification Report:
              precision    recall  f1-score   support

           0       0.92      0.93      0.93      9711
           1       0.82      0.81      0.81      2421
           2       0.94      0.89      0.92      7458
           3       0.19      0.17      0.18       200
           4       0.74      0.83      0.78      2754

    accuracy                           0.89     22544
   macro avg       0.72      0.73      0.72     22544
weighted avg       0.89      0.89      0.89     22544

Confusion Matrix:
[[9017  239  161   19  275]
 [  35 1962  252  109   63]
 [ 295   79 6657    1  426]
 [  10  113    0   35   42]
 [ 428    8   13   24 2281]]
