Epoch: 38
20201121_152314
Accuracy: 0.888972675656494
Classification Report:
              precision    recall  f1-score   support

           0       0.92      0.93      0.92      9711
           1       0.83      0.81      0.82      2421
           2       0.95      0.90      0.92      7458
           3       0.20      0.22      0.21       200
           4       0.74      0.85      0.79      2754

    accuracy                           0.89     22544
   macro avg       0.73      0.74      0.73     22544
weighted avg       0.89      0.89      0.89     22544

Confusion Matrix:
[[9000  223  145   11  332]
 [ 106 1960  177   98   80]
 [ 315   60 6698    0  385]
 [  12  100    0   44   44]
 [ 327    9   10   69 2339]]
