Epoch: 30
20201121_151844
Accuracy: 0.8892831795599716
Classification Report:
              precision    recall  f1-score   support

           0       0.93      0.93      0.93      9711
           1       0.83      0.82      0.82      2421
           2       0.92      0.90      0.91      7458
           3       0.16      0.15      0.16       200
           4       0.76      0.86      0.81      2754

    accuracy                           0.89     22544
   macro avg       0.72      0.73      0.73     22544
weighted avg       0.89      0.89      0.89     22544

Confusion Matrix:
[[8991  221  294   17  188]
 [  47 1977  256   69   72]
 [ 286   60 6690    0  422]
 [  14  111    0   31   44]
 [ 299   10   12   74 2359]]
