Epoch: 199
20201120_220010
Accuracy: 0.8448811213626686
Classification Report:
              precision    recall  f1-score   support

           0       0.89      0.86      0.87      9711
           1       0.69      0.78      0.73      2421
           2       0.95      0.89      0.92      7458
           3       0.38      0.73      0.50       200
           4       0.67      0.74      0.70      2754

    accuracy                           0.84     22544
   macro avg       0.72      0.80      0.75     22544
weighted avg       0.86      0.84      0.85     22544

Confusion Matrix:
[[8335  690  119   24  543]
 [  80 1889  235    9  208]
 [ 431  116 6651   54  206]
 [  11   18    3  146   22]
 [ 549   10   18  151 2026]]
