Epoch: 199
20201117_203757
Accuracy: 0.8210610361958836
Classification Report:
              precision    recall  f1-score   support

           0       0.81      0.90      0.85      9711
           1       0.69      0.89      0.77      2421
           2       0.94      0.85      0.89      7458
           3       0.18      0.32      0.23       200
           4       0.79      0.45      0.57      2754

    accuracy                           0.82     22544
   macro avg       0.68      0.68      0.66     22544
weighted avg       0.83      0.82      0.82     22544

Confusion Matrix:
[[8693  682  186   66   84]
 [  18 2149  180   63   11]
 [ 667  177 6368   25  221]
 [  18  111    0   63    8]
 [1323   14   48  132 1237]]
