Epoch: 68
20201118_205059
Accuracy: 0.8837828246983677
Classification Report:
              precision    recall  f1-score   support

           0       0.90      0.93      0.91      9711
           1       0.85      0.88      0.86      2421
           2       0.95      0.89      0.92      7458
           3       0.23      0.74      0.35       200
           4       0.86      0.71      0.78      2754

    accuracy                           0.88     22544
   macro avg       0.76      0.83      0.76     22544
weighted avg       0.90      0.88      0.89     22544

Confusion Matrix:
[[9029  318  242   46   76]
 [  11 2135  119   82   74]
 [ 412   27 6663  201  155]
 [  12   32    0  149    7]
 [ 620    9    3  174 1948]]
