Epoch: 51
20201118_204509
Accuracy: 0.8876863023420866
Classification Report:
              precision    recall  f1-score   support

           0       0.89      0.93      0.91      9711
           1       0.82      0.91      0.86      2421
           2       0.96      0.89      0.93      7458
           3       0.25      0.74      0.37       200
           4       0.90      0.71      0.79      2754

    accuracy                           0.89     22544
   macro avg       0.76      0.84      0.77     22544
weighted avg       0.90      0.89      0.89     22544

Confusion Matrix:
[[9044  407  132   52   76]
 [   9 2197  123   80   12]
 [ 466   36 6669  156  131]
 [  14   33    0  148    5]
 [ 627   10    5  158 1954]]
