Epoch: 45
20201118_204306
Accuracy: 0.8882185947480482
Classification Report:
              precision    recall  f1-score   support

           0       0.89      0.93      0.91      9711
           1       0.83      0.91      0.87      2421
           2       0.96      0.89      0.93      7458
           3       0.25      0.77      0.38       200
           4       0.87      0.70      0.78      2754

    accuracy                           0.89     22544
   macro avg       0.76      0.84      0.77     22544
weighted avg       0.90      0.89      0.89     22544

Confusion Matrix:
[[9071  379  139   49   73]
 [  13 2206  112   60   30]
 [ 421   39 6665  152  181]
 [  15   27    0  154    4]
 [ 625    7    5  189 1928]]
