Epoch: 41
20201118_204143
Accuracy: 0.8888839602555003
Classification Report:
              precision    recall  f1-score   support

           0       0.90      0.94      0.92      9711
           1       0.85      0.91      0.88      2421
           2       0.96      0.90      0.93      7458
           3       0.25      0.78      0.38       200
           4       0.85      0.69      0.76      2754

    accuracy                           0.89     22544
   macro avg       0.76      0.84      0.77     22544
weighted avg       0.90      0.89      0.89     22544

Confusion Matrix:
[[9096  303  184   54   74]
 [  16 2204  114   60   27]
 [ 375   43 6696  114  230]
 [  14   29    0  155    2]
 [ 623    7    6  230 1888]]
