Epoch: 19
20201114_001706
Accuracy: 0.8036284599006388
Classification Report:
              precision    recall  f1-score   support

           0       0.92      0.76      0.83      9711
           1       0.85      0.78      0.82      2421
           2       0.91      0.89      0.90      7458
           3       0.12      0.85      0.21       200
           4       0.57      0.76      0.65      2754

    accuracy                           0.80     22544
   macro avg       0.67      0.81      0.68     22544
weighted avg       0.86      0.80      0.82     22544

Confusion Matrix:
[[7356  240  498   68 1549]
 [   6 1899  151  357    8]
 [ 346   77 6606  426    3]
 [   2    8    0  170   20]
 [ 249    4    8  407 2086]]
