Epoch: 175
20201118_200341
Accuracy: 0.8701206529453513
Classification Report:
              precision    recall  f1-score   support

           0       0.91      0.90      0.90      9711
           1       0.73      0.85      0.78      2421
           2       0.97      0.86      0.91      7458
           3       0.27      0.81      0.40       200
           4       0.78      0.82      0.80      2754

    accuracy                           0.87     22544
   macro avg       0.73      0.85      0.76     22544
weighted avg       0.89      0.87      0.88     22544

Confusion Matrix:
[[8709  634   87   98  183]
 [  42 2048  135  158   38]
 [ 501   84 6431   29  413]
 [  10   20    0  161    9]
 [ 297   26    8  156 2267]]
