Epoch: 173
20201118_200328
Accuracy: 0.8704755145493258
Classification Report:
              precision    recall  f1-score   support

           0       0.91      0.89      0.90      9711
           1       0.73      0.83      0.78      2421
           2       0.96      0.86      0.91      7458
           3       0.26      0.80      0.40       200
           4       0.77      0.84      0.80      2754

    accuracy                           0.87     22544
   macro avg       0.73      0.85      0.76     22544
weighted avg       0.89      0.87      0.88     22544

Confusion Matrix:
[[8690  599   81  111  230]
 [  56 2013  147  173   32]
 [ 485   81 6446   28  418]
 [   8   20    0  159   13]
 [ 269   29    9  131 2316]]
