Epoch: 199
20201118_213559
Accuracy: 0.8717618878637331
Classification Report:
              precision    recall  f1-score   support

           0       0.89      0.93      0.91      9711
           1       0.89      0.88      0.89      2421
           2       0.93      0.90      0.91      7458
           3       0.20      0.77      0.31       200
           4       0.84      0.60      0.70      2754

    accuracy                           0.87     22544
   macro avg       0.75      0.82      0.74     22544
weighted avg       0.89      0.87      0.88     22544

Confusion Matrix:
[[9031  205  374   40   61]
 [   9 2136  141   40   95]
 [ 428   19 6677  171  163]
 [  13   27    0  154    6]
 [ 713    5    5  376 1655]]
