Epoch: 81
20201118_205525
Accuracy: 0.872028034066714
Classification Report:
              precision    recall  f1-score   support

           0       0.88      0.91      0.90      9711
           1       0.81      0.86      0.84      2421
           2       0.93      0.89      0.91      7458
           3       0.28      0.77      0.41       200
           4       0.84      0.70      0.77      2754

    accuracy                           0.87     22544
   macro avg       0.75      0.83      0.76     22544
weighted avg       0.88      0.87      0.87     22544

Confusion Matrix:
[[8829  415  344   45   78]
 [  15 2084  142   72  108]
 [ 498   26 6660  104  170]
 [  16   25    0  153    6]
 [ 628   10    3  180 1933]]
