Epoch: 78
20201118_190807
Accuracy: 0.8730039034776437
Classification Report:
              precision    recall  f1-score   support

           0       0.92      0.94      0.93      9711
           1       0.81      0.85      0.83      2421
           2       0.94      0.88      0.91      7458
           3       0.17      0.53      0.25       200
           4       0.77      0.64      0.70      2754

    accuracy                           0.87     22544
   macro avg       0.72      0.77      0.72     22544
weighted avg       0.89      0.87      0.88     22544

Confusion Matrix:
[[9161  231  139   58  122]
 [  64 2069  207   58   23]
 [ 300  196 6588    5  369]
 [   4   70    2  106   18]
 [ 481    4  100  412 1757]]
