Epoch: 143
20201118_211639
Accuracy: 0.8742459190915542
Classification Report:
              precision    recall  f1-score   support

           0       0.90      0.94      0.92      9711
           1       0.89      0.87      0.88      2421
           2       0.94      0.89      0.91      7458
           3       0.15      0.76      0.26       200
           4       0.88      0.63      0.73      2754

    accuracy                           0.87     22544
   macro avg       0.75      0.82      0.74     22544
weighted avg       0.90      0.87      0.88     22544

Confusion Matrix:
[[9083  204  298   55   71]
 [   5 2102  133  151   30]
 [ 414   30 6645  238  131]
 [  12   28    0  152    8]
 [ 627    7    6  387 1727]]
