Epoch: 125
20201118_211030
Accuracy: 0.8746007806955287
Classification Report:
              precision    recall  f1-score   support

           0       0.90      0.92      0.91      9711
           1       0.82      0.85      0.84      2421
           2       0.94      0.90      0.92      7458
           3       0.21      0.77      0.32       200
           4       0.85      0.69      0.76      2754

    accuracy                           0.87     22544
   macro avg       0.74      0.82      0.75     22544
weighted avg       0.89      0.87      0.88     22544

Confusion Matrix:
[[8926  388  270   54   73]
 [   5 2064  166   96   90]
 [ 387   19 6685  214  153]
 [  13   26    0  154    7]
 [ 623    9    4  230 1888]]
