Epoch: 92
20201118_205916
Accuracy: 0.8750887154009936
Classification Report:
              precision    recall  f1-score   support

           0       0.90      0.91      0.90      9711
           1       0.82      0.88      0.85      2421
           2       0.93      0.90      0.91      7458
           3       0.27      0.80      0.40       200
           4       0.83      0.70      0.76      2754

    accuracy                           0.88     22544
   macro avg       0.75      0.84      0.77     22544
weighted avg       0.89      0.88      0.88     22544

Confusion Matrix:
[[8815  421  346   57   72]
 [   8 2138  144   36   95]
 [ 362   28 6679  153  236]
 [  15   21    0  160    4]
 [ 616   10    2  190 1936]]
