Epoch: 195
20201118_200546
Accuracy: 0.8775727466288148
Classification Report:
              precision    recall  f1-score   support

           0       0.93      0.93      0.93      9711
           1       0.86      0.83      0.85      2421
           2       0.97      0.84      0.90      7458
           3       0.18      0.84      0.29       200
           4       0.75      0.82      0.79      2754

    accuracy                           0.88     22544
   macro avg       0.74      0.85      0.75     22544
weighted avg       0.91      0.88      0.89     22544

Confusion Matrix:
[[9046  202   85  156  222]
 [  48 2016  123  150   84]
 [ 346   83 6283  322  424]
 [  10   12    0  168   10]
 [ 302   24    8  149 2271]]
