Epoch: 129
20201118_211154
Accuracy: 0.8782381121362669
Classification Report:
              precision    recall  f1-score   support

           0       0.89      0.93      0.91      9711
           1       0.85      0.86      0.85      2421
           2       0.94      0.89      0.92      7458
           3       0.23      0.76      0.36       200
           4       0.82      0.70      0.75      2754

    accuracy                           0.88     22544
   macro avg       0.75      0.83      0.76     22544
weighted avg       0.89      0.88      0.88     22544

Confusion Matrix:
[[8999  312  273   48   79]
 [   9 2077  134  126   75]
 [ 411   23 6655  122  247]
 [  12   28    0  152    8]
 [ 624    9    4  201 1916]]
