Epoch: 57
20201118_204712
Accuracy: 0.8791696238466998
Classification Report:
              precision    recall  f1-score   support

           0       0.89      0.91      0.90      9711
           1       0.85      0.90      0.88      2421
           2       0.92      0.89      0.91      7458
           3       0.25      0.79      0.38       200
           4       0.88      0.71      0.79      2754

    accuracy                           0.88     22544
   macro avg       0.76      0.84      0.77     22544
weighted avg       0.89      0.88      0.88     22544

Confusion Matrix:
[[8865  302  428   51   65]
 [   8 2176  125   56   56]
 [ 410   37 6666  205  140]
 [  14   25    0  157    4]
 [ 618   10    5  165 1956]]
