Epoch: 38
20201118_204042
Accuracy: 0.8798793470546487
Classification Report:
              precision    recall  f1-score   support

           0       0.90      0.91      0.90      9711
           1       0.84      0.90      0.87      2421
           2       0.93      0.90      0.91      7458
           3       0.32      0.77      0.45       200
           4       0.82      0.71      0.76      2754

    accuracy                           0.88     22544
   macro avg       0.76      0.84      0.78     22544
weighted avg       0.89      0.88      0.88     22544

Confusion Matrix:
[[8857  355  375   47   77]
 [  16 2174  118   63   50]
 [ 366   37 6696   54  305]
 [  17   28    0  154    1]
 [ 626    7    5  161 1955]]
