Epoch: 99
20201119_134252
Accuracy: 0.835166784953868
Classification Report:
              precision    recall  f1-score   support

           0       0.92      0.85      0.88      9711
           1       0.70      0.74      0.72      2421
           2       0.92      0.86      0.89      7458
           3       0.18      0.80      0.29       200
           4       0.70      0.82      0.76      2754

    accuracy                           0.84     22544
   macro avg       0.69      0.81      0.71     22544
weighted avg       0.86      0.84      0.85     22544

Confusion Matrix:
[[8241  654  111   47  658]
 [  70 1782  426  119   24]
 [ 287   66 6384  457  264]
 [  12   18    0  160   10]
 [ 343    8   33  109 2261]]
