107
20201021_114213
0.872028034066714
              precision    recall  f1-score   support

           0       0.93      0.89      0.91      9711
           1       0.75      0.85      0.79      2421
           2       0.96      0.84      0.89      7458
           3       0.29      0.86      0.43       200
           4       0.76      0.91      0.83      2754

    accuracy                           0.87     22544
   macro avg       0.74      0.87      0.77     22544
weighted avg       0.89      0.87      0.88     22544

[[8682  268   91  147  523]
 [   4 2047  186   36  148]
 [ 675  423 6243   40   77]
 [   1    0    0  173   26]
 [  15    6   11  208 2514]]
