11
20201021_205320
0.872249822569198
              precision    recall  f1-score   support

           0       0.88      0.90      0.89      9711
           1       0.85      0.79      0.82      2421
           2       0.93      0.86      0.89      7458
           3       0.40      0.85      0.54       200
           4       0.79      0.88      0.83      2754

    accuracy                           0.87     22544
   macro avg       0.77      0.86      0.80     22544
weighted avg       0.88      0.87      0.87     22544

[[8771  256   38  109  537]
 [   0 1906  422   81   12]
 [ 920   51 6398    1   88]
 [   4    2    0  170   24]
 [ 247   20    5   63 2419]]
