47
20201021_084800
0.8726490418736693
              precision    recall  f1-score   support

           0       0.88      0.91      0.89      9711
           1       0.82      0.92      0.87      2421
           2       0.96      0.82      0.88      7458
           3       0.44      0.85      0.58       200
           4       0.78      0.86      0.82      2754

    accuracy                           0.87     22544
   macro avg       0.77      0.87      0.81     22544
weighted avg       0.88      0.87      0.87     22544

[[8792  286  119   72  442]
 [   0 2231  158   26    6]
 [ 926  204 6115   13  200]
 [   1    0    0  170   29]
 [ 262   15    6  106 2365]]
