19
20201021_205449
0.8730926188786373
              precision    recall  f1-score   support

           0       0.88      0.90      0.89      9711
           1       0.85      0.79      0.82      2421
           2       0.92      0.85      0.89      7458
           3       0.41      0.81      0.55       200
           4       0.80      0.93      0.86      2754

    accuracy                           0.87     22544
   macro avg       0.78      0.86      0.80     22544
weighted avg       0.88      0.87      0.87     22544

[[8692  254  111  103  551]
 [   1 1923  408   75   14]
 [1012   58 6355    0   33]
 [   7    1    1  162   29]
 [ 125   18    8   52 2551]]
