102
20201021_114148
0.8760645848119234
              precision    recall  f1-score   support

           0       0.93      0.89      0.91      9711
           1       0.75      0.85      0.80      2421
           2       0.96      0.85      0.90      7458
           3       0.29      0.86      0.44       200
           4       0.78      0.91      0.84      2754

    accuracy                           0.88     22544
   macro avg       0.74      0.87      0.78     22544
weighted avg       0.89      0.88      0.88     22544

[[8678  267   93  149  524]
 [   4 2059  177   36  145]
 [ 663  423 6326   23   23]
 [   1    0    0  173   26]
 [  12    8   11  209 2514]]
