83
20201021_114010
0.8786373314407381
              precision    recall  f1-score   support

           0       0.93      0.89      0.91      9711
           1       0.75      0.87      0.81      2421
           2       0.96      0.85      0.90      7458
           3       0.30      0.86      0.44       200
           4       0.79      0.91      0.85      2754

    accuracy                           0.88     22544
   macro avg       0.74      0.88      0.78     22544
weighted avg       0.90      0.88      0.88     22544

[[8644  269   96  169  533]
 [   5 2108  174   32  102]
 [ 661  419 6376    0    2]
 [   1    1    0  172   26]
 [  13   14   10  209 2508]]
