99
20201022_134425
0.8385823278921221
              precision    recall  f1-score   support

           0       0.91      0.86      0.89      9711
           1       0.72      0.88      0.79      2421
           2       0.88      0.76      0.82      7458
           3       0.49      0.69      0.58        67
           4       0.69      0.93      0.80      2887

    accuracy                           0.84     22544
   macro avg       0.74      0.82      0.77     22544
weighted avg       0.85      0.84      0.84     22544

[[8361  325  461   22  542]
 [  10 2136  233    0   42]
 [ 704  492 5671    0  591]
 [   7    0    0   46   14]
 [  82    5   84   25 2691]]
