99
20201022_124729
0.8389815471965933
              precision    recall  f1-score   support

           0       0.91      0.84      0.88      9711
           1       0.72      0.87      0.79      2421
           2       0.88      0.78      0.83      7458
           3       0.42      0.70      0.52        67
           4       0.69      0.94      0.80      2887

    accuracy                           0.84     22544
   macro avg       0.73      0.83      0.76     22544
weighted avg       0.85      0.84      0.84     22544

[[8193  289  517   37  675]
 [   4 2111  235    0   71]
 [ 763  399 5852    0  444]
 [   0    1    0   47   19]
 [  17  112   18   29 2711]]
