Epoch: 136
20201120_211725
Accuracy: 0.8700762952448545
Classification Report:
              precision    recall  f1-score   support

           0       0.89      0.91      0.90      9711
           1       0.69      0.73      0.71      2421
           2       0.94      0.92      0.93      7458
           3       0.29      0.72      0.41       200
           4       0.88      0.73      0.80      2754

    accuracy                           0.87     22544
   macro avg       0.74      0.80      0.75     22544
weighted avg       0.88      0.87      0.87     22544

Confusion Matrix:
[[8816  669   94   39   93]
 [ 130 1772  319   45  155]
 [ 330   85 6877  165    1]
 [  19   21    1  145   14]
 [ 620    7    9  113 2005]]
