Epoch: 53
20201120_232438
Accuracy: 0.8700762952448545
Classification Report:
              precision    recall  f1-score   support

           0       0.94      0.88      0.90      9711
           1       0.71      0.78      0.74      2421
           2       0.95      0.89      0.92      7458
           3       0.28      0.85      0.42       200
           4       0.76      0.89      0.82      2754

    accuracy                           0.87     22544
   macro avg       0.73      0.86      0.76     22544
weighted avg       0.89      0.87      0.88     22544

Confusion Matrix:
[[8508  675  135   69  324]
 [  86 1885  198  179   73]
 [ 279   91 6612   98  378]
 [   9    8    0  170   13]
 [ 210   10    7   87 2440]]
