Epoch: 64
20201120_094014
Accuracy: 0.8701206529453513
Classification Report:
              precision    recall  f1-score   support

           0       0.91      0.92      0.92      9711
           1       0.79      0.75      0.77      2421
           2       0.94      0.95      0.94      7458
           3       0.20      0.88      0.32       200
           4       0.80      0.58      0.67      2754

    accuracy                           0.87     22544
   macro avg       0.73      0.82      0.73     22544
weighted avg       0.89      0.87      0.87     22544

Confusion Matrix:
[[8950  289  121  203  148]
 [ 199 1825   75   73  249]
 [ 136  173 7067   79    3]
 [  15    2    0  175    8]
 [ 537    8  258  352 1599]]
