Epoch: 168
20201120_213905
Accuracy: 0.8701206529453513
Classification Report:
              precision    recall  f1-score   support

           0       0.89      0.89      0.89      9711
           1       0.71      0.82      0.76      2421
           2       0.96      0.94      0.95      7458
           3       0.47      0.71      0.57       200
           4       0.78      0.69      0.73      2754

    accuracy                           0.87     22544
   macro avg       0.76      0.81      0.78     22544
weighted avg       0.87      0.87      0.87     22544

Confusion Matrix:
[[8602  709   93   27  280]
 [  47 1981  141   79  173]
 [ 298   84 6980   24   72]
 [  19   19    1  143   18]
 [ 735    5   75   29 1910]]
