Epoch: 177
20201120_103357
Accuracy: 0.8702537260468417
Classification Report:
              precision    recall  f1-score   support

           0       0.89      0.91      0.90      9711
           1       0.72      0.81      0.76      2421
           2       0.95      0.91      0.93      7458
           3       0.21      0.77      0.33       200
           4       0.89      0.71      0.79      2754

    accuracy                           0.87     22544
   macro avg       0.73      0.82      0.74     22544
weighted avg       0.89      0.87      0.88     22544

Confusion Matrix:
[[8791  647  121   57   95]
 [  48 1956  187  105  125]
 [ 294   86 6771  304    3]
 [  12    9   14  154   11]
 [ 682    7    6  112 1947]]
