Epoch: 139
20201120_211934
Accuracy: 0.8702537260468417
Classification Report:
              precision    recall  f1-score   support

           0       0.90      0.90      0.90      9711
           1       0.69      0.80      0.74      2421
           2       0.94      0.92      0.93      7458
           3       0.23      0.39      0.29       200
           4       0.83      0.71      0.77      2754

    accuracy                           0.87     22544
   macro avg       0.72      0.74      0.73     22544
weighted avg       0.88      0.87      0.87     22544

Confusion Matrix:
[[8781  657  123   40  110]
 [  22 1927  194   82  196]
 [ 334  100 6867   77   80]
 [  15   94    0   78   13]
 [ 562    6  151   69 1966]]
