Epoch: 152
20201120_212815
Accuracy: 0.870431156848829
Classification Report:
              precision    recall  f1-score   support

           0       0.88      0.91      0.90      9711
           1       0.70      0.75      0.72      2421
           2       0.95      0.92      0.93      7458
           3       0.30      0.73      0.43       200
           4       0.89      0.72      0.80      2754

    accuracy                           0.87     22544
   macro avg       0.74      0.81      0.75     22544
weighted avg       0.88      0.87      0.87     22544

Confusion Matrix:
[[8818  668  104   37   84]
 [ 139 1806  285   47  144]
 [ 344   94 6868  152    0]
 [  14   21    1  146   18]
 [ 651    6    9  103 1985]]
