Epoch: 51
20201120_232316
Accuracy: 0.8706085876508162
Classification Report:
              precision    recall  f1-score   support

           0       0.94      0.88      0.91      9711
           1       0.70      0.73      0.72      2421
           2       0.95      0.92      0.94      7458
           3       0.19      0.72      0.30       200
           4       0.76      0.84      0.80      2754

    accuracy                           0.87     22544
   macro avg       0.71      0.82      0.73     22544
weighted avg       0.89      0.87      0.88     22544

Confusion Matrix:
[[8538  669  125   89  290]
 [  41 1759  203  157  261]
 [ 315   46 6879   62  156]
 [  14   18    2  144   22]
 [ 133    7   10  297 2307]]
