Epoch: 183
20201120_214921
Accuracy: 0.8706085876508162
Classification Report:
              precision    recall  f1-score   support

           0       0.89      0.90      0.90      9711
           1       0.69      0.78      0.73      2421
           2       0.95      0.91      0.93      7458
           3       0.51      0.72      0.60       200
           4       0.79      0.74      0.77      2754

    accuracy                           0.87     22544
   macro avg       0.77      0.81      0.78     22544
weighted avg       0.88      0.87      0.87     22544

Confusion Matrix:
[[8735  716   88   27  145]
 [ 164 1887  139   12  219]
 [ 312  120 6815   46  165]
 [  22   18    1  145   14]
 [ 539   10  106   54 2045]]
