Epoch: 179
20201120_214633
Accuracy: 0.8709190915542938
Classification Report:
              precision    recall  f1-score   support

           0       0.90      0.90      0.90      9711
           1       0.69      0.82      0.75      2421
           2       0.94      0.91      0.93      7458
           3       0.26      0.79      0.39       200
           4       0.90      0.70      0.79      2754

    accuracy                           0.87     22544
   macro avg       0.74      0.82      0.75     22544
weighted avg       0.89      0.87      0.88     22544

Confusion Matrix:
[[8782  692  105   44   88]
 [  24 1983  239   68  107]
 [ 290  117 6793  249    9]
 [  15   20    2  157    6]
 [ 615   55   74   91 1919]]
