Epoch: 129
20201120_211232
Accuracy: 0.8711408800567778
Classification Report:
              precision    recall  f1-score   support

           0       0.89      0.89      0.89      9711
           1       0.71      0.84      0.77      2421
           2       0.97      0.93      0.95      7458
           3       0.38      0.71      0.50       200
           4       0.79      0.68      0.73      2754

    accuracy                           0.87     22544
   macro avg       0.75      0.81      0.77     22544
weighted avg       0.88      0.87      0.87     22544

Confusion Matrix:
[[8622  711  108   30  240]
 [  55 2039  131   61  135]
 [ 262   99 6968   24  105]
 [  11   20    2  143   24]
 [ 755    6    7  119 1867]]
