Epoch: 14
20201120_193633
Accuracy: 0.8713626685592619
Classification Report:
              precision    recall  f1-score   support

           0       0.93      0.88      0.90      9711
           1       0.69      0.77      0.73      2421
           2       0.95      0.95      0.95      7458
           3       0.22      0.66      0.33       200
           4       0.78      0.74      0.76      2754

    accuracy                           0.87     22544
   macro avg       0.71      0.80      0.73     22544
weighted avg       0.89      0.87      0.88     22544

Confusion Matrix:
[[8524  662  148   50  327]
 [  41 1853  216   90  221]
 [ 184  125 7099   39   11]
 [  13   18   29  131    9]
 [ 417    9    9  282 2037]]
