Epoch: 49
20201120_093259
Accuracy: 0.8714957416607523
Classification Report:
              precision    recall  f1-score   support

           0       0.90      0.93      0.92      9711
           1       0.78      0.75      0.77      2421
           2       0.97      0.94      0.95      7458
           3       0.19      0.90      0.31       200
           4       0.82      0.57      0.67      2754

    accuracy                           0.87     22544
   macro avg       0.73      0.82      0.72     22544
weighted avg       0.89      0.87      0.88     22544

Confusion Matrix:
[[9076  291  130   74  140]
 [ 299 1819   65   77  161]
 [ 147  199 7016   62   34]
 [  13    1    0  179    7]
 [ 591    9   42  555 1557]]
