Epoch: 24
20201120_194003
Accuracy: 0.8714070262597587
Classification Report:
              precision    recall  f1-score   support

           0       0.91      0.89      0.90      9711
           1       0.68      0.74      0.71      2421
           2       0.96      0.94      0.95      7458
           3       0.31      0.70      0.43       200
           4       0.78      0.75      0.76      2754

    accuracy                           0.87     22544
   macro avg       0.73      0.80      0.75     22544
weighted avg       0.88      0.87      0.87     22544

Confusion Matrix:
[[8670  667  102   62  210]
 [  19 1802  203   61  336]
 [ 300  110 6979   49   20]
 [  32   18    3  141    6]
 [ 494   55    9  143 2053]]
