Epoch: 165
20201120_213706
Accuracy: 0.8716288147622427
Classification Report:
              precision    recall  f1-score   support

           0       0.89      0.91      0.90      9711
           1       0.70      0.77      0.73      2421
           2       0.95      0.92      0.94      7458
           3       0.27      0.71      0.39       200
           4       0.87      0.71      0.78      2754

    accuracy                           0.87     22544
   macro avg       0.74      0.80      0.75     22544
weighted avg       0.88      0.87      0.88     22544

Confusion Matrix:
[[8842  668   92   40   69]
 [ 134 1859  239   60  129]
 [ 319   95 6850  130   64]
 [  18   21    1  142   18]
 [ 623    7   11  156 1957]]
