Epoch: 136
20201120_211726
Accuracy: 0.8728264726756565
Classification Report:
              precision    recall  f1-score   support

           0       0.90      0.89      0.90      9711
           1       0.68      0.79      0.73      2421
           2       0.95      0.91      0.93      7458
           3       0.51      0.77      0.61       200
           4       0.80      0.77      0.79      2754

    accuracy                           0.87     22544
   macro avg       0.77      0.83      0.79     22544
weighted avg       0.88      0.87      0.87     22544

Confusion Matrix:
[[8684  715   91   24  197]
 [ 221 1906  161    5  128]
 [ 268  137 6812   47  194]
 [  18   19    0  154    9]
 [ 410    8  141   74 2121]]
