Epoch: 68
20201120_000034
Accuracy: 0.8730926188786373
Classification Report:
              precision    recall  f1-score   support

           0       0.93      0.90      0.91      9711
           1       0.84      0.73      0.78      2421
           2       0.96      0.91      0.93      7458
           3       0.13      0.79      0.22       200
           4       0.84      0.82      0.83      2754

    accuracy                           0.87     22544
   macro avg       0.74      0.83      0.73     22544
weighted avg       0.91      0.87      0.89     22544

Confusion Matrix:
[[8729  200  114  531  137]
 [  83 1756  155  373   54]
 [ 286  115 6793   40  224]
 [  10   18    0  158   14]
 [ 310    6   39  152 2247]]
