Epoch: 19
20201120_195916
Accuracy: 0.8733587650816181
Classification Report:
              precision    recall  f1-score   support

           0       0.92      0.88      0.90      9711
           1       0.68      0.75      0.71      2421
           2       0.97      0.93      0.95      7458
           3       0.13      0.34      0.19       200
           4       0.81      0.86      0.83      2754

    accuracy                           0.87     22544
   macro avg       0.70      0.75      0.72     22544
weighted avg       0.89      0.87      0.88     22544

Confusion Matrix:
[[8520  669  139   64  319]
 [ 113 1807   97  218  186]
 [ 302   64 6928  119   45]
 [   6  111    1   69   13]
 [ 328    7    5   49 2365]]
