Epoch: 14
20201120_193633
Accuracy: 0.8734918381831086
Classification Report:
              precision    recall  f1-score   support

           0       0.94      0.88      0.91      9711
           1       0.68      0.72      0.70      2421
           2       0.95      0.94      0.94      7458
           3       0.31      0.71      0.43       200
           4       0.74      0.83      0.78      2754

    accuracy                           0.87     22544
   macro avg       0.72      0.82      0.75     22544
weighted avg       0.89      0.87      0.88     22544

Confusion Matrix:
[[8524  676  112   56  343]
 [  99 1755  121   19  427]
 [ 294   99 6996   51   18]
 [  28   20    3  143    6]
 [ 154   16  118  192 2274]]
