Epoch: 63
20201120_233120
Accuracy: 0.8742902767920511
Classification Report:
              precision    recall  f1-score   support

           0       0.95      0.88      0.91      9711
           1       0.71      0.84      0.77      2421
           2       0.95      0.89      0.92      7458
           3       0.27      0.77      0.40       200
           4       0.75      0.85      0.80      2754

    accuracy                           0.87     22544
   macro avg       0.73      0.85      0.76     22544
weighted avg       0.89      0.87      0.88     22544

Confusion Matrix:
[[8560  673  127   58  293]
 [  19 2033  212   49  108]
 [ 310  126 6615   57  350]
 [  10   18    5  154   13]
 [ 114   18   22  252 2348]]
