Epoch: 96
20201120_095532
Accuracy: 0.8747338537970192
Classification Report:
              precision    recall  f1-score   support

           0       0.93      0.93      0.93      9711
           1       0.81      0.76      0.78      2421
           2       0.94      0.94      0.94      7458
           3       0.19      0.91      0.31       200
           4       0.77      0.62      0.69      2754

    accuracy                           0.87     22544
   macro avg       0.73      0.83      0.73     22544
weighted avg       0.90      0.87      0.88     22544

Confusion Matrix:
[[8990  283  142  108  188]
 [ 102 1837   90   70  322]
 [ 117  144 7003  186    8]
 [  12    2    0  181    5]
 [ 421    9  198  417 1709]]
