Epoch: 128
20201120_153102
Accuracy: 0.8748225691980128
Classification Report:
              precision    recall  f1-score   support

           0       0.95      0.87      0.91      9711
           1       0.75      0.76      0.75      2421
           2       0.90      0.91      0.91      7458
           3       0.35      0.73      0.47       200
           4       0.77      0.88      0.82      2754

    accuracy                           0.87     22544
   macro avg       0.74      0.83      0.77     22544
weighted avg       0.88      0.87      0.88     22544

Confusion Matrix:
[[8497  496  314   42  362]
 [   5 1847  328   62  179]
 [ 297  109 6813   72  167]
 [  11   18    4  147   20]
 [ 122    8  106  100 2418]]
