Epoch: 65
20201120_233242
Accuracy: 0.8755322924059616
Classification Report:
              precision    recall  f1-score   support

           0       0.96      0.88      0.92      9711
           1       0.71      0.84      0.77      2421
           2       0.95      0.89      0.92      7458
           3       0.27      0.79      0.40       200
           4       0.73      0.85      0.79      2754

    accuracy                           0.88     22544
   macro avg       0.73      0.85      0.76     22544
weighted avg       0.90      0.88      0.88     22544

Confusion Matrix:
[[8566  674  134   58  279]
 [  20 2025  195   44  137]
 [ 212  103 6658   60  425]
 [  10   17    5  157   11]
 [ 125   15   24  258 2332]]
