Epoch: 46
20201120_135210
Accuracy: 0.8755766501064585
Classification Report:
              precision    recall  f1-score   support

           0       0.92      0.89      0.91      9711
           1       0.69      0.75      0.72      2421
           2       0.93      0.89      0.91      7458
           3       0.23      0.82      0.36       200
           4       0.90      0.91      0.90      2754

    accuracy                           0.88     22544
   macro avg       0.74      0.85      0.76     22544
weighted avg       0.89      0.88      0.88     22544

Confusion Matrix:
[[8648  652  152   36  223]
 [ 190 1825  290   78   38]
 [ 332  137 6607  381    1]
 [  12   14    0  164   10]
 [ 186    9   18   46 2495]]
