Epoch: 161
20201120_213508
Accuracy: 0.8756210078069553
Classification Report:
              precision    recall  f1-score   support

           0       0.90      0.90      0.90      9711
           1       0.71      0.78      0.74      2421
           2       0.94      0.93      0.93      7458
           3       0.32      0.74      0.44       200
           4       0.87      0.73      0.80      2754

    accuracy                           0.88     22544
   macro avg       0.75      0.82      0.76     22544
weighted avg       0.88      0.88      0.88     22544

Confusion Matrix:
[[8744  664  129   37  137]
 [  55 1885  325   76   80]
 [ 294   70 6945   94   55]
 [  11   16    3  148   22]
 [ 604    6   13  113 2018]]
