Epoch: 103
20201120_095853
Accuracy: 0.8756210078069553
Classification Report:
              precision    recall  f1-score   support

           0       0.92      0.92      0.92      9711
           1       0.81      0.80      0.80      2421
           2       0.93      0.94      0.94      7458
           3       0.22      0.91      0.35       200
           4       0.82      0.61      0.70      2754

    accuracy                           0.88     22544
   macro avg       0.74      0.83      0.74     22544
weighted avg       0.89      0.88      0.88     22544

Confusion Matrix:
[[8908  289  247  101  166]
 [ 169 1933   88   31  200]
 [ 126  164 7042  120    6]
 [  12    2    0  181    5]
 [ 501    7  171  399 1676]]
