Epoch: 45
20201120_231919
Accuracy: 0.8759758694109298
Classification Report:
              precision    recall  f1-score   support

           0       0.95      0.88      0.91      9711
           1       0.72      0.79      0.75      2421
           2       0.95      0.90      0.92      7458
           3       0.30      0.90      0.45       200
           4       0.74      0.89      0.81      2754

    accuracy                           0.88     22544
   macro avg       0.73      0.87      0.77     22544
weighted avg       0.89      0.88      0.88     22544

Confusion Matrix:
[[8534  654  117   97  309]
 [  85 1901  191  136  108]
 [ 168   76 6682   98  434]
 [  11    0    0  179   10]
 [ 192   10   12   88 2452]]
