Epoch: 41
20201120_231638
Accuracy: 0.8759758694109298
Classification Report:
              precision    recall  f1-score   support

           0       0.97      0.87      0.92      9711
           1       0.72      0.78      0.75      2421
           2       0.96      0.90      0.93      7458
           3       0.29      0.88      0.44       200
           4       0.71      0.91      0.80      2754

    accuracy                           0.88     22544
   macro avg       0.73      0.87      0.76     22544
weighted avg       0.90      0.88      0.88     22544

Confusion Matrix:
[[8486  650  122  101  352]
 [  61 1879  180  139  162]
 [ 115   74 6708   75  486]
 [  10    0    0  175   15]
 [ 120   15    9  110 2500]]
