Epoch: 154
20201120_212934
Accuracy: 0.8761533002129169
Classification Report:
              precision    recall  f1-score   support

           0       0.90      0.91      0.90      9711
           1       0.69      0.81      0.75      2421
           2       0.95      0.92      0.94      7458
           3       0.35      0.79      0.48       200
           4       0.91      0.70      0.79      2754

    accuracy                           0.88     22544
   macro avg       0.76      0.83      0.77     22544
weighted avg       0.89      0.88      0.88     22544

Confusion Matrix:
[[8808  683   94   45   81]
 [  49 1973  269   40   90]
 [ 326  119 6898  102   13]
 [  13   21    1  158    7]
 [ 638   54   35  112 1915]]
