Epoch: 163
20201120_213546
Accuracy: 0.8763307310149042
Classification Report:
              precision    recall  f1-score   support

           0       0.91      0.89      0.90      9711
           1       0.69      0.77      0.73      2421
           2       0.96      0.91      0.93      7458
           3       0.52      0.77      0.62       200
           4       0.78      0.82      0.80      2754

    accuracy                           0.88     22544
   macro avg       0.77      0.83      0.80     22544
weighted avg       0.88      0.88      0.88     22544

Confusion Matrix:
[[8685  712   91   27  196]
 [ 170 1870  182    7  192]
 [ 257  115 6801   51  234]
 [  16   18    0  153   13]
 [ 405   10   38   54 2247]]
