Epoch: 34
20201120_200923
Accuracy: 0.8765525195173882
Classification Report:
              precision    recall  f1-score   support

           0       0.91      0.89      0.90      9711
           1       0.68      0.78      0.73      2421
           2       0.94      0.92      0.93      7458
           3       0.44      0.77      0.56       200
           4       0.83      0.82      0.83      2754

    accuracy                           0.88     22544
   macro avg       0.76      0.84      0.79     22544
weighted avg       0.88      0.88      0.88     22544

Confusion Matrix:
[[8595  710  117   29  260]
 [ 256 1897  148   21   99]
 [ 332  140 6848   54   84]
 [  12   18    0  154   16]
 [ 225    9  163   90 2267]]
