Epoch: 150
20201120_212658
Accuracy: 0.8765525195173882
Classification Report:
              precision    recall  f1-score   support

           0       0.90      0.90      0.90      9711
           1       0.69      0.78      0.73      2421
           2       0.96      0.91      0.93      7458
           3       0.47      0.72      0.57       200
           4       0.81      0.80      0.81      2754

    accuracy                           0.88     22544
   macro avg       0.77      0.82      0.79     22544
weighted avg       0.88      0.88      0.88     22544

Confusion Matrix:
[[8721  705   99   28  158]
 [ 181 1887  180   12  161]
 [ 302  131 6811   46  168]
 [  17   19    0  145   19]
 [ 442    8   30   77 2197]]
