Epoch: 151
20201120_212733
Accuracy: 0.8767743080198722
Classification Report:
              precision    recall  f1-score   support

           0       0.89      0.90      0.90      9711
           1       0.71      0.83      0.76      2421
           2       0.96      0.94      0.95      7458
           3       0.45      0.66      0.54       200
           4       0.81      0.70      0.75      2754

    accuracy                           0.88     22544
   macro avg       0.76      0.80      0.78     22544
weighted avg       0.88      0.88      0.88     22544

Confusion Matrix:
[[8722  719  108   30  132]
 [  19 2014  139   35  214]
 [ 297   96 6977   24   64]
 [  13   21    1  132   33]
 [ 723    6   33   71 1921]]
