Epoch: 19
20201120_193818
Accuracy: 0.8769517388218595
Classification Report:
              precision    recall  f1-score   support

           0       0.92      0.89      0.90      9711
           1       0.71      0.79      0.75      2421
           2       0.95      0.95      0.95      7458
           3       0.22      0.69      0.34       200
           4       0.84      0.73      0.78      2754

    accuracy                           0.88     22544
   macro avg       0.73      0.81      0.74     22544
weighted avg       0.89      0.88      0.88     22544

Confusion Matrix:
[[8647  660  154   46  204]
 [  96 1913  183   88  141]
 [ 221  107 7071   44   15]
 [  12   18   12  138   20]
 [ 432    9   10  302 2001]]
