Epoch: 129
20201120_153116
Accuracy: 0.8771291696238467
Classification Report:
              precision    recall  f1-score   support

           0       0.95      0.87      0.91      9711
           1       0.73      0.78      0.75      2421
           2       0.91      0.91      0.91      7458
           3       0.35      0.74      0.48       200
           4       0.78      0.88      0.83      2754

    accuracy                           0.88     22544
   macro avg       0.74      0.84      0.78     22544
weighted avg       0.89      0.88      0.88     22544

Confusion Matrix:
[[8497  567  246   44  357]
 [   6 1891  299   54  171]
 [ 334  118 6809   73  124]
 [   8   19    3  148   22]
 [ 109    8  109   99 2429]]
