Epoch: 127
20201120_211114
Accuracy: 0.8784155429382541
Classification Report:
              precision    recall  f1-score   support

           0       0.89      0.90      0.89      9711
           1       0.71      0.83      0.76      2421
           2       0.97      0.93      0.95      7458
           3       0.51      0.69      0.59       200
           4       0.81      0.73      0.77      2754

    accuracy                           0.88     22544
   macro avg       0.78      0.82      0.79     22544
weighted avg       0.88      0.88      0.88     22544

Confusion Matrix:
[[8725  713  111   22  140]
 [  47 2011  108   51  204]
 [ 314   90 6922   26  106]
 [  16   19    2  139   24]
 [ 699    6    7   36 2006]]
