Epoch: 109
20201120_152615
Accuracy: 0.8787260468417317
Classification Report:
              precision    recall  f1-score   support

           0       0.94      0.87      0.90      9711
           1       0.71      0.77      0.74      2421
           2       0.94      0.91      0.92      7458
           3       0.36      0.72      0.48       200
           4       0.78      0.91      0.84      2754

    accuracy                           0.88     22544
   macro avg       0.75      0.84      0.78     22544
weighted avg       0.89      0.88      0.88     22544

Confusion Matrix:
[[8496  619  186   41  369]
 [   2 1875  233   38  273]
 [ 434  126 6793   78   27]
 [   8   18    2  145   27]
 [ 130    8   19   96 2501]]
