Epoch: 28
20201120_230748
Accuracy: 0.8793914123491838
Classification Report:
              precision    recall  f1-score   support

           0       0.95      0.87      0.91      9711
           1       0.71      0.74      0.72      2421
           2       0.96      0.95      0.95      7458
           3       0.23      0.73      0.34       200
           4       0.77      0.85      0.81      2754

    accuracy                           0.88     22544
   macro avg       0.72      0.83      0.75     22544
weighted avg       0.90      0.88      0.89     22544

Confusion Matrix:
[[8481  672  142   85  331]
 [  12 1793  153  118  345]
 [ 262   49 7059   60   28]
 [  20   18    0  146   16]
 [ 136    6   27  239 2346]]
