Epoch: 24
20201120_200239
Accuracy: 0.8798349893541518
Classification Report:
              precision    recall  f1-score   support

           0       0.92      0.88      0.90      9711
           1       0.71      0.83      0.77      2421
           2       0.97      0.91      0.94      7458
           3       0.50      0.77      0.60       200
           4       0.74      0.85      0.79      2754

    accuracy                           0.88     22544
   macro avg       0.77      0.85      0.80     22544
weighted avg       0.89      0.88      0.88     22544

Confusion Matrix:
[[8578  690  113   38  292]
 [  11 2016  111   70  213]
 [ 313   93 6760    3  289]
 [  13   17    4  153   13]
 [ 372    5    5   44 2328]]
