Epoch: 39
20201120_231512
Accuracy: 0.8798793470546487
Classification Report:
              precision    recall  f1-score   support

           0       0.97      0.87      0.92      9711
           1       0.71      0.84      0.77      2421
           2       0.95      0.90      0.93      7458
           3       0.29      0.80      0.42       200
           4       0.73      0.88      0.80      2754

    accuracy                           0.88     22544
   macro avg       0.73      0.86      0.77     22544
weighted avg       0.90      0.88      0.89     22544

Confusion Matrix:
[[8493  676  151   58  333]
 [  15 2028  200   57  121]
 [ 138  118 6742   53  407]
 [  10   16    4  159   11]
 [  92   15    7  226 2414]]
