3
0.8503814762242725
              precision    recall  f1-score   support

           0       0.94      0.87      0.90      9711
           1       0.84      0.78      0.81      2421
           2       0.93      0.83      0.87      7458
           3       0.19      0.79      0.31       200
           4       0.66      0.91      0.77      2754

    accuracy                           0.85     22544
   macro avg       0.71      0.83      0.73     22544
weighted avg       0.88      0.85      0.86     22544

