58
0.8509137686302342
              precision    recall  f1-score   support

           0       0.93      0.89      0.91      9711
           1       0.76      0.75      0.75      2421
           2       0.87      0.86      0.86      7458
           3       0.12      0.69      0.20        67
           4       0.73      0.79      0.76      2887

    accuracy                           0.85     22544
   macro avg       0.68      0.79      0.70     22544
weighted avg       0.86      0.85      0.86     22544

