14
0.8523775727466288
              precision    recall  f1-score   support

           0       0.88      0.87      0.87      9711
           1       0.69      0.80      0.74      2421
           2       0.91      0.92      0.91      7458
           3       0.16      0.75      0.26        67
           4       0.84      0.68      0.75      2887

    accuracy                           0.85     22544
   macro avg       0.70      0.80      0.71     22544
weighted avg       0.86      0.85      0.86     22544

