74
0.8546841731724627
              precision    recall  f1-score   support

           0       0.91      0.89      0.90      9711
           1       0.67      0.91      0.78      2421
           2       0.96      0.83      0.89      7458
           3       0.10      0.79      0.18        67
           4       0.77      0.74      0.75      2887

    accuracy                           0.85     22544
   macro avg       0.68      0.83      0.70     22544
weighted avg       0.88      0.85      0.86     22544

