3
0.855305180979418
              precision    recall  f1-score   support

           0       0.88      0.85      0.87      9711
           1       0.75      0.97      0.85      2421
           2       0.91      0.87      0.89      7458
           3       0.32      0.57      0.41        67
           4       0.77      0.74      0.75      2887

    accuracy                           0.86     22544
   macro avg       0.73      0.80      0.75     22544
weighted avg       0.86      0.86      0.86     22544

