Epoch: 9
20201120_162342
Accuracy: 0.8381387508871541
Classification Report:
              precision    recall  f1-score   support

           0       0.95      0.87      0.91      9711
           1       0.67      0.70      0.68      2421
           2       0.98      0.85      0.91      7458
           3       0.12      0.72      0.21       200
           4       0.65      0.81      0.72      2754

    accuracy                           0.84     22544
   macro avg       0.67      0.79      0.69     22544
weighted avg       0.89      0.84      0.86     22544

Confusion Matrix:
[[8484  675  109   69  374]
 [  29 1687   18   93  594]
 [ 336  123 6351  429  219]
 [   7   16    2  145   30]
 [  63    5   12  446 2228]]
