17
0.8510024840312278
              precision    recall  f1-score   support

           0       0.92      0.89      0.91      9711
           1       0.82      0.78      0.80      2421
           2       0.90      0.80      0.85      7458
           3       0.12      0.29      0.17       200
           4       0.70      0.95      0.81      2754

    accuracy                           0.85     22544
   macro avg       0.69      0.74      0.71     22544
weighted avg       0.87      0.85      0.86     22544

[[8635  240   88   92  656]
 [   1 1898  488   21   13]
 [ 717  159 5986  194  402]
 [   0    1  110   58   31]
 [  13   15    7  111 2608]]
