76
0.8515791341376863
              precision    recall  f1-score   support

           0       0.83      0.96      0.89      9711
           1       0.89      0.85      0.87      2421
           2       0.96      0.76      0.85      7458
           3       0.27      0.81      0.41       200
           4       0.78      0.72      0.75      2754

    accuracy                           0.85     22544
   macro avg       0.75      0.82      0.75     22544
weighted avg       0.87      0.85      0.85     22544

[[9305  209   66   45   86]
 [ 119 2056  149   91    6]
 [1089   49 5681  195  444]
 [  26    0    0  163   11]
 [ 649    5    0  107 1993]]
