92
0.8522001419446416
              precision    recall  f1-score   support

           0       0.85      0.94      0.89      9711
           1       0.87      0.77      0.81      2421
           2       0.96      0.83      0.89      7458
           3       0.11      0.62      0.18       200
           4       0.93      0.70      0.80      2754

    accuracy                           0.85     22544
   macro avg       0.74      0.77      0.72     22544
weighted avg       0.89      0.85      0.87     22544

[[9126  210   77  234   64]
 [  17 1855  155  391    3]
 [ 908   48 6182  259   61]
 [  53   12    0  124   11]
 [ 651    8    0  170 1925]]
