79
0.853264726756565
              precision    recall  f1-score   support

           0       0.85      0.94      0.90      9711
           1       0.87      0.76      0.81      2421
           2       0.96      0.83      0.89      7458
           3       0.12      0.67      0.20       200
           4       0.90      0.70      0.79      2754

    accuracy                           0.85     22544
   macro avg       0.74      0.78      0.72     22544
weighted avg       0.89      0.85      0.87     22544

[[9148  206   84  204   69]
 [  13 1838  162  402    6]
 [ 877   52 6187  222  120]
 [  43   11    0  134   12]
 [ 630    8    0  187 1929]]
