60
0.8565915542938254
              precision    recall  f1-score   support

           0       0.87      0.95      0.91      9711
           1       0.88      0.79      0.83      2421
           2       0.95      0.83      0.89      7458
           3       0.13      0.72      0.22       200
           4       0.83      0.68      0.75      2754

    accuracy                           0.86     22544
   macro avg       0.73      0.79      0.72     22544
weighted avg       0.89      0.86      0.87     22544

[[9222  202  106  112   69]
 [  14 1905  186  310    6]
 [ 651   49 6167  298  293]
 [  39    4    0  145   12]
 [ 615    8    0  259 1872]]
