49
0.8570351312987935
              precision    recall  f1-score   support

           0       0.91      0.90      0.91      9711
           1       0.73      0.83      0.78      2421
           2       0.96      0.84      0.90      7458
           3       0.17      0.81      0.29       200
           4       0.77      0.78      0.78      2754

    accuracy                           0.86     22544
   macro avg       0.71      0.83      0.73     22544
weighted avg       0.89      0.86      0.87     22544

[[8736  652   87   59  177]
 [  16 1998  163  187   57]
 [ 478   59 6267  245  409]
 [  12   14    0  163   11]
 [ 307    9    0  281 2157]]
