59
0.8575674237047551
              precision    recall  f1-score   support

           0       0.86      0.95      0.91      9711
           1       0.88      0.78      0.83      2421
           2       0.95      0.83      0.89      7458
           3       0.15      0.73      0.24       200
           4       0.85      0.68      0.75      2754

    accuracy                           0.86     22544
   macro avg       0.74      0.80      0.72     22544
weighted avg       0.89      0.86      0.87     22544

[[9235  196  114   98   68]
 [  19 1899  193  306    4]
 [ 758   51 6174  215  260]
 [  35    6    0  147   12]
 [ 631    8    0  237 1878]]
