47
0.8587650816181689
              precision    recall  f1-score   support

           0       0.92      0.90      0.91      9711
           1       0.73      0.83      0.78      2421
           2       0.96      0.84      0.90      7458
           3       0.21      0.81      0.34       200
           4       0.73      0.80      0.76      2754

    accuracy                           0.86     22544
   macro avg       0.71      0.83      0.74     22544
weighted avg       0.88      0.86      0.87     22544

[[8719  663   84   61  184]
 [  14 2012  163  117  115]
 [ 481   50 6272  161  494]
 [  12   16    0  161   11]
 [ 295    6    0  257 2196]]
