Epoch: 199
20201113_162241
Accuracy: 0.8503371185237757
Classification Report:
              precision    recall  f1-score   support

           0       0.93      0.88      0.91      9711
           1       0.70      0.70      0.70      2421
           2       0.90      0.86      0.88      7458
           3       0.08      0.32      0.12       200
           4       0.80      0.87      0.84      2754

    accuracy                           0.85     22544
   macro avg       0.68      0.73      0.69     22544
weighted avg       0.88      0.85      0.86     22544

Confusion Matrix:
[[8585  660  118   64  284]
 [ 145 1687  483   65   41]
 [ 305   48 6430  438  237]
 [  12   29   73   63   23]
 [ 136    3    4  206 2405]]
