16
20201022_130519
0.8598296664300923
              precision    recall  f1-score   support

           0       0.88      0.92      0.90      9711
           1       0.77      0.92      0.84      2421
           2       0.97      0.81      0.88      7458
           3       0.24      0.78      0.37        67
           4       0.71      0.75      0.73      2887

    accuracy                           0.86     22544
   macro avg       0.71      0.83      0.74     22544
weighted avg       0.87      0.86      0.86     22544

[[8901  259   39   76  436]
 [   5 2235  169    1   11]
 [ 731  279 6041    0  407]
 [   0    0    0   52   15]
 [ 513  133    2   84 2155]]
