Epoch: 17
20201105_100238
Accuracy: 0.8839602555003548
Classification Report:
              precision    recall  f1-score   support

           0       0.92      0.88      0.90      9711
           1       0.97      0.88      0.93      7458
           2       0.75      0.90      0.82      2754
           3       0.77      0.90      0.83      2421
           4       0.39      0.84      0.53       200

    accuracy                           0.88     22544
   macro avg       0.76      0.88      0.80     22544
weighted avg       0.90      0.88      0.89     22544

Confusion Matrix:
[[8522   95  678  330   86]
 [ 585 6572   16  279    6]
 [ 118   33 2483   33   87]
 [   0   45  106 2182   88]
 [   2    4   19    6  169]]
