Epoch: 13
20201105_100129
Accuracy: 0.8839602555003548
Classification Report:
              precision    recall  f1-score   support

           0       0.93      0.88      0.90      9711
           1       0.98      0.88      0.93      7458
           2       0.74      0.91      0.81      2754
           3       0.79      0.89      0.84      2421
           4       0.36      0.84      0.51       200

    accuracy                           0.88     22544
   macro avg       0.76      0.88      0.80     22544
weighted avg       0.90      0.88      0.89     22544

Confusion Matrix:
[[8507   91  726  300   87]
 [ 588 6595   28  234   13]
 [  87   21 2504   34  108]
 [   1   49  128 2153   90]
 [   3    4   18    6  169]]
