Epoch: 199
20201115_151359
Accuracy: 0.8114797728885734
Classification Report:
              precision    recall  f1-score   support

           0       0.78      0.91      0.84      9711
           1       0.70      0.79      0.74      2421
           2       0.95      0.88      0.91      7458
           3       0.23      0.78      0.36       200
           4       0.90      0.29      0.44      2754

    accuracy                           0.81     22544
   macro avg       0.71      0.73      0.66     22544
weighted avg       0.84      0.81      0.80     22544

Confusion Matrix:
[[8880  642  108   61   20]
 [  15 1913  223  248   22]
 [ 710  153 6538   17   40]
 [  22    6    8  155    9]
 [1742    5   16  183  808]]
