26
0.8400461320085166
              precision    recall  f1-score   support

           0       0.85      0.90      0.88      9711
           1       0.81      0.89      0.85      2421
           2       0.96      0.74      0.84      7458
           3       0.22      0.86      0.35       200
           4       0.75      0.84      0.79      2754

    accuracy                           0.84     22544
   macro avg       0.72      0.85      0.74     22544
weighted avg       0.87      0.84      0.85     22544

[[8762  350   38   87  474]
 [  26 2154  169   65    7]
 [1265  107 5531  295  260]
 [   2    0    0  173   25]
 [ 242   38    0  156 2318]]
