181
0.8407114975159687
              precision    recall  f1-score   support

           0       0.87      0.90      0.88      9711
           1       0.68      0.69      0.68      2421
           2       0.95      0.83      0.89      7458
           3       0.03      0.10      0.04       200
           4       0.85      0.84      0.85      2754

    accuracy                           0.84     22544
   macro avg       0.67      0.67      0.67     22544
weighted avg       0.86      0.84      0.85     22544

[[8734  588  101   58  230]
 [  89 1670  193  461    8]
 [ 821  101 6206  169  161]
 [  49  112    6   20   13]
 [ 404    2    7   18 2323]]
