111
0.8416873669268985
              precision    recall  f1-score   support

           0       0.83      0.93      0.88      9711
           1       0.87      0.78      0.82      2421
           2       0.96      0.83      0.89      7458
           3       0.10      0.61      0.17       200
           4       0.91      0.65      0.76      2754

    accuracy                           0.84     22544
   macro avg       0.74      0.76      0.70     22544
weighted avg       0.88      0.84      0.86     22544

[[9027  211   75  336   62]
 [  79 1885  154  302    1]
 [ 842   49 6164  303  100]
 [  55   12    0  122   11]
 [ 812   10    0  155 1777]]
