113
0.8417317246273953
              precision    recall  f1-score   support

           0       0.87      0.90      0.89      9711
           1       0.69      0.79      0.73      2421
           2       0.96      0.84      0.90      7458
           3       0.12      0.35      0.18       200
           4       0.76      0.72      0.74      2754

    accuracy                           0.84     22544
   macro avg       0.68      0.72      0.69     22544
weighted avg       0.86      0.84      0.85     22544

[[8773  664   77   68  129]
 [  60 1912  151  260   38]
 [ 534  136 6248  128  412]
 [  33   67    0   71   29]
 [ 695   12    0   75 1972]]
