38
0.8418647977288858
              precision    recall  f1-score   support

           0       0.85      0.90      0.88      9711
           1       0.73      0.87      0.79      2421
           2       0.96      0.81      0.88      7458
           3       0.15      0.82      0.26       200
           4       0.96      0.69      0.81      2754

    accuracy                           0.84     22544
   macro avg       0.73      0.82      0.72     22544
weighted avg       0.88      0.84      0.85     22544

[[8764  649   84  142   72]
 [   6 2105  174  134    2]
 [ 874  114 6032  437    1]
 [  18    8    0  165    9]
 [ 632   21    0  188 1913]]
