13
0.8420865862313698
              precision    recall  f1-score   support

           0       0.87      0.88      0.87      9711
           1       0.72      0.80      0.76      2421
           2       0.94      0.78      0.86      7458
           3       0.21      0.86      0.34       200
           4       0.83      0.89      0.86      2754

    accuracy                           0.84     22544
   macro avg       0.71      0.84      0.74     22544
weighted avg       0.87      0.84      0.85     22544

[[8583  689  101   70  268]
 [  32 1925  239  129   96]
 [1147   43 5842  297  129]
 [   8    5    0  172   15]
 [ 141    7    7  137 2462]]
