22
0.8427963094393187
              precision    recall  f1-score   support

           0       0.89      0.89      0.89      9711
           1       0.83      0.79      0.81      2421
           2       0.90      0.77      0.83      7458
           3       0.14      0.33      0.19       200
           4       0.72      0.95      0.82      2754

    accuracy                           0.84     22544
   macro avg       0.69      0.75      0.71     22544
weighted avg       0.86      0.84      0.85     22544

[[8620  244   86   86  675]
 [   0 1923  456   27   15]
 [1044  147 5768  204  295]
 [   0    0  104   66   30]
 [   9   11    7  104 2623]]
