46
0.8427963094393187
              precision    recall  f1-score   support

           0       0.84      0.96      0.89      9711
           1       0.87      0.76      0.81      2421
           2       0.97      0.76      0.85      7458
           3       0.14      0.76      0.24       200
           4       0.84      0.73      0.78      2754

    accuracy                           0.84     22544
   macro avg       0.73      0.80      0.72     22544
weighted avg       0.88      0.84      0.85     22544

[[9296  207   71   46   91]
 [ 131 1843  105  321   21]
 [1042   47 5688  415  266]
 [  11   16    0  152   21]
 [ 602    3    0  128 2021]]
