154
0.8428850248403122
              precision    recall  f1-score   support

           0       0.87      0.90      0.88      9711
           1       0.68      0.79      0.73      2421
           2       0.97      0.84      0.90      7458
           3       0.13      0.35      0.18       200
           4       0.77      0.73      0.75      2754

    accuracy                           0.84     22544
   macro avg       0.68      0.72      0.69     22544
weighted avg       0.86      0.84      0.85     22544

[[8738  665   76   65  167]
 [  89 1922  141  250   19]
 [ 530  157 6271  109  391]
 [  29   65    0   70   36]
 [ 677   11    0   65 2001]]
