32
0.8428850248403122
              precision    recall  f1-score   support

           0       0.89      0.89      0.89      9711
           1       0.85      0.79      0.82      2421
           2       0.90      0.77      0.83      7458
           3       0.13      0.36      0.19       200
           4       0.74      0.95      0.83      2754

    accuracy                           0.84     22544
   macro avg       0.70      0.75      0.71     22544
weighted avg       0.86      0.84      0.85     22544

[[8617  233  121   91  649]
 [   0 1917  450   33   21]
 [1108  104 5774  247  225]
 [   0    0   99   73   28]
 [  10    7    7  109 2621]]
