88
0.8430180979418027
              precision    recall  f1-score   support

           0       0.90      0.90      0.90      9711
           1       0.84      0.70      0.77      2421
           2       0.96      0.85      0.90      7458
           3       0.09      0.64      0.15       200
           4       0.75      0.77      0.76      2754

    accuracy                           0.84     22544
   macro avg       0.71      0.77      0.70     22544
weighted avg       0.89      0.84      0.86     22544

[[8710  206   82  540  173]
 [   7 1696  169  543    6]
 [ 347   74 6356  189  492]
 [  14   31    0  127   28]
 [ 561    3    0   74 2116]]
