93
0.8431955287437899
              precision    recall  f1-score   support

           0       0.87      0.90      0.89      9711
           1       0.71      0.88      0.79      2421
           2       0.96      0.80      0.87      7458
           3       0.16      0.58      0.25       200
           4       0.79      0.75      0.77      2754

    accuracy                           0.84     22544
   macro avg       0.70      0.78      0.71     22544
weighted avg       0.87      0.84      0.85     22544

[[8741  634   56  165  115]
 [   1 2135  163  120    2]
 [ 683  184 5955  215  421]
 [  18   47    0  116   19]
 [ 586    9    2   95 2062]]
