103
0.8431955287437899
              precision    recall  f1-score   support

           0       0.86      0.91      0.89      9711
           1       0.87      0.78      0.82      2421
           2       0.96      0.83      0.89      7458
           3       0.09      0.65      0.16       200
           4       0.86      0.70      0.77      2754

    accuracy                           0.84     22544
   macro avg       0.73      0.78      0.71     22544
weighted avg       0.89      0.84      0.86     22544

[[8869  213   76  480   73]
 [  12 1898  151  357    3]
 [ 708   50 6176  283  241]
 [  47   12    0  130   11]
 [ 622   10    0  186 1936]]
