60
0.8434616749467707
              precision    recall  f1-score   support

           0       0.90      0.89      0.90      9711
           1       0.70      0.90      0.78      2421
           2       0.96      0.78      0.86      7458
           3       0.11      0.56      0.19       200
           4       0.81      0.82      0.81      2754

    accuracy                           0.84     22544
   macro avg       0.70      0.79      0.71     22544
weighted avg       0.88      0.84      0.86     22544

[[8650  637   70  197  157]
 [   2 2172  166   79    2]
 [ 521  249 5833  496  359]
 [  16   55    0  113   16]
 [ 393    8    0  106 2247]]
