57
0.8435947480482612
              precision    recall  f1-score   support

           0       0.85      0.90      0.88      9711
           1       0.74      0.80      0.77      2421
           2       0.96      0.82      0.89      7458
           3       0.44      0.79      0.57       200
           4       0.70      0.75      0.73      2754

    accuracy                           0.84     22544
   macro avg       0.74      0.81      0.76     22544
weighted avg       0.85      0.84      0.85     22544

[[8743  659   84   50  175]
 [  66 1926  163   48  218]
 [ 795   15 6118   60  470]
 [  25    0    0  158   17]
 [ 631    9    0   41 2073]]
