80
0.8439939673527325
              precision    recall  f1-score   support

           0       0.91      0.90      0.90      9711
           1       0.86      0.70      0.77      2421
           2       0.96      0.86      0.91      7458
           3       0.09      0.68      0.16       200
           4       0.76      0.77      0.76      2754

    accuracy                           0.84     22544
   macro avg       0.71      0.78      0.70     22544
weighted avg       0.89      0.84      0.87     22544

[[8713  185   82  566  165]
 [   7 1685  171  553    5]
 [ 333   70 6381  212  462]
 [  14   25    0  136   25]
 [ 554    2    0   86 2112]]
