130
0.844082682753726
              precision    recall  f1-score   support

           0       0.86      0.96      0.91      9711
           1       0.88      0.83      0.86      2421
           2       0.96      0.76      0.85      7458
           3       0.12      0.72      0.21       200
           4       0.80      0.69      0.74      2754

    accuracy                           0.84     22544
   macro avg       0.73      0.79      0.71     22544
weighted avg       0.88      0.84      0.86     22544

[[9288  203   65   40  115]
 [ 118 2012  151  135    5]
 [ 730   58 5679  651  340]
 [  39    0    0  144   17]
 [ 636    5    0  207 1906]]
