35
0.8446593328601846
              precision    recall  f1-score   support

           0       0.86      0.90      0.88      9711
           1       0.73      0.77      0.75      2421
           2       0.95      0.85      0.90      7458
           3       0.24      0.80      0.36       200
           4       0.78      0.72      0.75      2754

    accuracy                           0.84     22544
   macro avg       0.71      0.81      0.73     22544
weighted avg       0.86      0.84      0.85     22544

[[8705  665  161   59  121]
 [  27 1867  167  263   97]
 [ 752   16 6323   46  321]
 [  16   10    0  159   15]
 [ 599    4   14  149 1988]]
