52
0.8446593328601846
              precision    recall  f1-score   support

           0       0.85      0.90      0.88      9711
           1       0.73      0.87      0.79      2421
           2       0.96      0.83      0.89      7458
           3       0.16      0.83      0.28       200
           4       0.96      0.67      0.79      2754

    accuracy                           0.84     22544
   macro avg       0.73      0.82      0.72     22544
weighted avg       0.88      0.84      0.85     22544

[[8780  647   84  131   69]
 [   5 2110  171  133    2]
 [ 804  116 6153  385    0]
 [  19    6    0  167    8]
 [ 703   22    0  197 1832]]
