13
0.8449698367636622
              precision    recall  f1-score   support

           0       0.88      0.88      0.88      9711
           1       0.77      0.91      0.84      2421
           2       0.96      0.78      0.86      7458
           3       0.26      0.85      0.40       200
           4       0.70      0.84      0.76      2754

    accuracy                           0.84     22544
   macro avg       0.72      0.85      0.75     22544
weighted avg       0.87      0.84      0.85     22544

[[8565  397   22  129  598]
 [   3 2202  195   11   10]
 [1019  233 5786   39  381]
 [   0    1    1  171   27]
 [ 103   14    4  308 2325]]
