88
0.8450585521646558
              precision    recall  f1-score   support

           0       0.87      0.90      0.89      9711
           1       0.71      0.88      0.79      2421
           2       0.96      0.80      0.88      7458
           3       0.16      0.59      0.26       200
           4       0.80      0.75      0.77      2754

    accuracy                           0.85     22544
   macro avg       0.70      0.79      0.72     22544
weighted avg       0.87      0.85      0.85     22544

[[8739  634   58  170  110]
 [   1 2139  163  116    2]
 [ 655  199 5991  222  391]
 [  17   47    0  119   17]
 [ 582    9    2   98 2063]]
