79
0.8455908445706175
              precision    recall  f1-score   support

           0       0.88      0.90      0.89      9711
           1       0.71      0.89      0.79      2421
           2       0.96      0.81      0.88      7458
           3       0.16      0.59      0.26       200
           4       0.80      0.75      0.78      2754

    accuracy                           0.85     22544
   macro avg       0.70      0.79      0.72     22544
weighted avg       0.87      0.85      0.85     22544

[[8723  633   61  178  116]
 [   1 2149  163  106    2]
 [ 643  204 6009  233  369]
 [  17   48    0  119   16]
 [ 584    8    2   97 2063]]
