88
0.845679559971611
              precision    recall  f1-score   support

           0       0.90      0.88      0.89      9711
           1       0.69      0.84      0.76      2421
           2       0.96      0.82      0.89      7458
           3       0.18      0.66      0.28       200
           4       0.75      0.80      0.77      2754

    accuracy                           0.85     22544
   macro avg       0.69      0.80      0.72     22544
weighted avg       0.87      0.85      0.86     22544

[[8541  690   87   89  304]
 [  20 2037  176  181    7]
 [ 591  142 6142  153  430]
 [  17   38    0  132   13]
 [ 299   57    1  184 2213]]
