67
0.8458126330731015
              precision    recall  f1-score   support

           0       0.86      0.92      0.89      9711
           1       0.87      0.77      0.82      2421
           2       0.96      0.83      0.89      7458
           3       0.11      0.77      0.20       200
           4       0.86      0.69      0.77      2754

    accuracy                           0.85     22544
   macro avg       0.73      0.80      0.71     22544
weighted avg       0.89      0.85      0.86     22544

[[8957  205   97  382   70]
 [  13 1866  179  356    7]
 [ 751   47 6189  247  224]
 [  30    7    0  153   10]
 [ 627    8    0  216 1903]]
