96
0.8458126330731015
              precision    recall  f1-score   support

           0       0.84      0.96      0.90      9711
           1       0.88      0.83      0.86      2421
           2       0.96      0.76      0.85      7458
           3       0.16      0.76      0.27       200
           4       0.80      0.71      0.75      2754

    accuracy                           0.85     22544
   macro avg       0.73      0.80      0.72     22544
weighted avg       0.88      0.85      0.85     22544

[[9284  204   63   71   89]
 [ 121 2008  152  136    4]
 [ 913   55 5672  439  379]
 [  35    0    0  152   13]
 [ 648    5    0  149 1952]]
