74
0.8459013484740951
              precision    recall  f1-score   support

           0       0.85      0.96      0.90      9711
           1       0.85      0.76      0.80      2421
           2       0.97      0.80      0.88      7458
           3       0.14      0.75      0.24       200
           4       0.81      0.66      0.73      2754

    accuracy                           0.85     22544
   macro avg       0.72      0.78      0.71     22544
weighted avg       0.88      0.85      0.85     22544

[[9310  201   60   47   93]
 [  92 1837  129  353   10]
 [ 722  106 5963  363  304]
 [  12   16    0  150   22]
 [ 813    4    0  127 1810]]
