83
0.8460787792760823
              precision    recall  f1-score   support

           0       0.87      0.90      0.89      9711
           1       0.71      0.89      0.79      2421
           2       0.96      0.81      0.88      7458
           3       0.19      0.61      0.28       200
           4       0.78      0.75      0.77      2754

    accuracy                           0.85     22544
   macro avg       0.70      0.79      0.72     22544
weighted avg       0.87      0.85      0.85     22544

[[8734  635   57  176  109]
 [   1 2151  163  104    2]
 [ 648  205 6005  157  443]
 [  18   44    0  122   16]
 [ 584    8    2   98 2062]]
