57
0.8460787792760823
              precision    recall  f1-score   support

           0       0.84      0.95      0.89      9711
           1       0.89      0.85      0.87      2421
           2       0.96      0.75      0.84      7458
           3       0.22      0.83      0.35       200
           4       0.76      0.73      0.75      2754

    accuracy                           0.85     22544
   macro avg       0.73      0.82      0.74     22544
weighted avg       0.87      0.85      0.85     22544

[[9259  207   71   84   90]
 [ 107 2064  147   83   20]
 [1031   45 5570  308  504]
 [  21    0    0  166   13]
 [ 627    8    0  104 2015]]
