101
0.8474982256919801
              precision    recall  f1-score   support

           0       0.90      0.88      0.89      9711
           1       0.70      0.85      0.77      2421
           2       0.96      0.82      0.89      7458
           3       0.18      0.65      0.28       200
           4       0.75      0.82      0.78      2754

    accuracy                           0.85     22544
   macro avg       0.70      0.80      0.72     22544
weighted avg       0.87      0.85      0.86     22544

[[8511  683   86   95  336]
 [  22 2053  171  166    9]
 [ 593  138 6151  174  402]
 [  19   38    0  130   13]
 [ 301   30    1  161 2261]]
