59
0.8478087295954577
              precision    recall  f1-score   support

           0       0.85      0.96      0.90      9711
           1       0.86      0.75      0.80      2421
           2       0.97      0.78      0.87      7458
           3       0.15      0.76      0.25       200
           4       0.82      0.72      0.77      2754

    accuracy                           0.85     22544
   macro avg       0.73      0.80      0.72     22544
weighted avg       0.88      0.85      0.86     22544

[[9303  207   61   47   93]
 [ 111 1824  104  364   18]
 [ 873   79 5842  346  318]
 [  10   16    0  152   22]
 [ 631    4    0  127 1992]]
