73
0.8490951029098651
              precision    recall  f1-score   support

           0       0.86      0.96      0.91      9711
           1       0.85      0.76      0.80      2421
           2       0.97      0.80      0.88      7458
           3       0.14      0.76      0.24       200
           4       0.82      0.68      0.74      2754

    accuracy                           0.85     22544
   macro avg       0.73      0.79      0.71     22544
weighted avg       0.88      0.85      0.86     22544

[[9308  202   60   49   92]
 [  88 1830  126  367   10]
 [ 703  108 5975  380  292]
 [  11   16    0  152   21]
 [ 743    4    0  130 1877]]
