62
0.8492725337118524
              precision    recall  f1-score   support

           0       0.83      0.96      0.89      9711
           1       0.89      0.85      0.87      2421
           2       0.96      0.76      0.85      7458
           3       0.24      0.81      0.38       200
           4       0.77      0.72      0.75      2754

    accuracy                           0.85     22544
   macro avg       0.74      0.82      0.75     22544
weighted avg       0.87      0.85      0.85     22544

[[9278  205   66   73   89]
 [ 112 2062  147   90   10]
 [1059   46 5649  230  474]
 [  26    0    0  162   12]
 [ 642   10    0  107 1995]]
