23
0.8494056068133428
              precision    recall  f1-score   support

           0       0.87      0.89      0.88      9711
           1       0.82      0.95      0.88      2421
           2       0.91      0.78      0.84      7458
           3       0.58      0.81      0.67       200
           4       0.72      0.80      0.76      2754

    accuracy                           0.85     22544
   macro avg       0.78      0.85      0.81     22544
weighted avg       0.86      0.85      0.85     22544

[[8678  291  222   63  457]
 [   1 2292  104    4   20]
 [1087  197 5810    0  364]
 [   0   18    0  162   20]
 [ 241    7  247   52 2207]]
