Epoch: 84
20201115_030753
Accuracy: 0.8801011355571328
Classification Report:
              precision    recall  f1-score   support

           0       0.88      0.95      0.91      9711
           1       0.87      0.76      0.81      2421
           2       0.93      0.90      0.92      7458
           3       0.29      0.69      0.41       200
           4       0.87      0.69      0.77      2754

    accuracy                           0.88     22544
   macro avg       0.77      0.80      0.76     22544
weighted avg       0.89      0.88      0.88     22544

Confusion Matrix:
[[9233  189  115   20  154]
 [ 162 1841  276   73   69]
 [ 374   79 6736  222   47]
 [   8   13   19  139   21]
 [ 716    6  119   21 1892]]
