Epoch: 22
20201115_204825
Accuracy: 0.8801898509581263
Classification Report:
              precision    recall  f1-score   support

           0       0.90      0.92      0.91      9711
           1       0.72      0.85      0.78      2421
           2       0.95      0.90      0.93      7458
           3       0.23      0.33      0.27       200
           4       0.87      0.73      0.80      2754

    accuracy                           0.88     22544
   macro avg       0.73      0.75      0.74     22544
weighted avg       0.89      0.88      0.88     22544

Confusion Matrix:
[[8982  466  122   26  115]
 [ 120 2051  204   38    8]
 [ 317  217 6735   36  153]
 [  11  111    0   65   13]
 [ 590    7   30  117 2010]]
