Epoch: 199
20201115_170219
Accuracy: 0.8803229240596168
Classification Report:
              precision    recall  f1-score   support

           0       0.89      0.95      0.92      9711
           1       0.86      0.84      0.85      2421
           2       0.93      0.87      0.90      7458
           3       0.34      0.54      0.42       200
           4       0.79      0.71      0.75      2754

    accuracy                           0.88     22544
   macro avg       0.76      0.78      0.77     22544
weighted avg       0.88      0.88      0.88     22544

Confusion Matrix:
[[9232  209  144   25  101]
 [  56 2042  247   27   49]
 [ 490  104 6511    3  350]
 [  17    0   64  107   12]
 [ 601    6   44  149 1954]]
