Epoch: 112
20201115_022330
Accuracy: 0.8805890702625976
Classification Report:
              precision    recall  f1-score   support

           0       0.93      0.88      0.90      9711
           1       0.83      0.80      0.82      2421
           2       0.92      0.94      0.93      7458
           3       0.30      0.90      0.45       200
           4       0.80      0.80      0.80      2754

    accuracy                           0.88     22544
   macro avg       0.75      0.86      0.78     22544
weighted avg       0.89      0.88      0.88     22544

Confusion Matrix:
[[8558  268  342   70  473]
 [ 144 1942  275   47   13]
 [ 258  120 6982   54   44]
 [   0    0    0  179   21]
 [ 283   11   17  252 2191]]
