Epoch: 84
20201115_173952
Accuracy: 0.8808108587650816
Classification Report:
              precision    recall  f1-score   support

           0       0.92      0.90      0.91      9711
           1       0.70      0.88      0.78      2421
           2       0.93      0.92      0.93      7458
           3       0.15      0.26      0.19       200
           4       0.89      0.75      0.82      2754

    accuracy                           0.88     22544
   macro avg       0.72      0.74      0.73     22544
weighted avg       0.89      0.88      0.88     22544

Confusion Matrix:
[[8723  692  135   27  134]
 [  35 2129  136   54   67]
 [ 309  116 6880  139   14]
 [   5   87   25   52   31]
 [ 385   16  207   73 2073]]
