Epoch: 40
20201115_030034
Accuracy: 0.8808552164655784
Classification Report:
              precision    recall  f1-score   support

           0       0.89      0.95      0.92      9711
           1       0.87      0.75      0.80      2421
           2       0.91      0.91      0.91      7458
           3       0.23      0.79      0.36       200
           4       0.92      0.69      0.79      2754

    accuracy                           0.88     22544
   macro avg       0.77      0.82      0.76     22544
weighted avg       0.90      0.88      0.88     22544

Confusion Matrix:
[[9231  185  120   37  138]
 [  50 1805  486   70   10]
 [ 319   80 6773  282    4]
 [  11    3   17  157   12]
 [ 713    4   19  126 1892]]
