Epoch: 65
20201115_030445
Accuracy: 0.8808108587650816
Classification Report:
              precision    recall  f1-score   support

           0       0.89      0.95      0.92      9711
           1       0.88      0.77      0.82      2421
           2       0.93      0.90      0.91      7458
           3       0.21      0.69      0.32       200
           4       0.89      0.69      0.78      2754

    accuracy                           0.88     22544
   macro avg       0.76      0.80      0.75     22544
weighted avg       0.90      0.88      0.88     22544

Confusion Matrix:
[[9256  186  122   20  127]
 [  82 1867  303   95   74]
 [ 331   59 6697  362    9]
 [  13   11   21  139   16]
 [ 701    2   96   57 1898]]
