Epoch: 808
20201115_050717
Accuracy: 0.881165720369056
Classification Report:
              precision    recall  f1-score   support

           0       0.91      0.90      0.91      9711
           1       0.75      0.87      0.81      2421
           2       0.95      0.90      0.92      7458
           3       0.37      0.74      0.50       200
           4       0.83      0.76      0.79      2754

    accuracy                           0.88     22544
   macro avg       0.76      0.84      0.78     22544
weighted avg       0.89      0.88      0.88     22544

Confusion Matrix:
[[8771  624  159   42  115]
 [  14 2112  190   97    8]
 [ 306   73 6731   35  313]
 [  23    9   10  148   10]
 [ 545    8   24   74 2103]]
