Epoch: 125
20201115_164944
Accuracy: 0.8812100780695529
Classification Report:
              precision    recall  f1-score   support

           0       0.89      0.95      0.92      9711
           1       0.87      0.84      0.85      2421
           2       0.93      0.88      0.90      7458
           3       0.27      0.35      0.30       200
           4       0.80      0.72      0.76      2754

    accuracy                           0.88     22544
   macro avg       0.75      0.75      0.75     22544
weighted avg       0.88      0.88      0.88     22544

Confusion Matrix:
[[9239  208  132   23  109]
 [  87 2028  255   27   24]
 [ 476   84 6548    4  346]
 [  15   13   90   70   12]
 [ 597    7   33  136 1981]]
