Epoch: 882
20201115_051928
Accuracy: 0.8815205819730305
Classification Report:
              precision    recall  f1-score   support

           0       0.90      0.90      0.90      9711
           1       0.75      0.87      0.81      2421
           2       0.95      0.91      0.93      7458
           3       0.40      0.75      0.52       200
           4       0.82      0.76      0.79      2754

    accuracy                           0.88     22544
   macro avg       0.76      0.84      0.79     22544
weighted avg       0.89      0.88      0.88     22544

Confusion Matrix:
[[8769  623  162   41  116]
 [  26 2114  189   86    6]
 [ 305   71 6751   13  318]
 [  24    7   11  150    8]
 [ 566    7    6   86 2089]]
