Epoch: 688
20201115_044730
Accuracy: 0.8818310858765082
Classification Report:
              precision    recall  f1-score   support

           0       0.91      0.91      0.91      9711
           1       0.77      0.87      0.82      2421
           2       0.94      0.90      0.92      7458
           3       0.40      0.75      0.52       200
           4       0.82      0.77      0.79      2754

    accuracy                           0.88     22544
   macro avg       0.77      0.84      0.79     22544
weighted avg       0.89      0.88      0.88     22544

Confusion Matrix:
[[8807  535  205   36  128]
 [  11 2103  219   82    6]
 [ 307   83 6712   36  320]
 [  23    7   11  150    9]
 [ 556    7   15   68 2108]]
