Epoch: 141
20201115_165231
Accuracy: 0.8824964513839603
Classification Report:
              precision    recall  f1-score   support

           0       0.89      0.95      0.92      9711
           1       0.87      0.84      0.85      2421
           2       0.92      0.88      0.90      7458
           3       0.30      0.40      0.34       200
           4       0.80      0.72      0.76      2754

    accuracy                           0.88     22544
   macro avg       0.76      0.76      0.75     22544
weighted avg       0.88      0.88      0.88     22544

Confusion Matrix:
[[9224  207  155   22  103]
 [  55 2028  282   27   29]
 [ 437   80 6590    7  344]
 [  16   11   84   80    9]
 [ 595    7   46  133 1973]]
