Epoch: 729
20201115_045415
Accuracy: 0.8826295244854506
Classification Report:
              precision    recall  f1-score   support

           0       0.92      0.92      0.92      9711
           1       0.84      0.87      0.86      2421
           2       0.92      0.89      0.91      7458
           3       0.23      0.74      0.35       200
           4       0.83      0.76      0.79      2754

    accuracy                           0.88     22544
   macro avg       0.75      0.84      0.76     22544
weighted avg       0.90      0.88      0.89     22544

Confusion Matrix:
[[8887  293  187  238  106]
 [  17 2103  191  100   10]
 [ 309   83 6674   87  305]
 [  23    7   11  149   10]
 [ 412    9  167   81 2085]]
