Epoch: 685
20201115_044701
Accuracy: 0.8828069552874379
Classification Report:
              precision    recall  f1-score   support

           0       0.93      0.91      0.92      9711
           1       0.78      0.87      0.82      2421
           2       0.91      0.90      0.90      7458
           3       0.35      0.77      0.48       200
           4       0.83      0.77      0.80      2754

    accuracy                           0.88     22544
   macro avg       0.76      0.84      0.78     22544
weighted avg       0.89      0.88      0.89     22544

Confusion Matrix:
[[8858  507  189   41  116]
 [  19 2099  196   98    9]
 [ 306   91 6683   75  303]
 [  22    3   12  154    9]
 [ 309    7  256   74 2108]]
