Epoch: 74
20201115_021706
Accuracy: 0.8828069552874379
Classification Report:
              precision    recall  f1-score   support

           0       0.91      0.90      0.91      9711
           1       0.80      0.79      0.80      2421
           2       0.94      0.94      0.94      7458
           3       0.27      0.78      0.41       200
           4       0.82      0.77      0.79      2754

    accuracy                           0.88     22544
   macro avg       0.75      0.83      0.77     22544
weighted avg       0.89      0.88      0.89     22544

Confusion Matrix:
[[8757  310  143   73  428]
 [ 157 1903  311   39   11]
 [ 284  118 6977   59   20]
 [   1   25    1  156   17]
 [ 380    9   13  243 2109]]
