Epoch: 169
20201115_023312
Accuracy: 0.8830731014904187
Classification Report:
              precision    recall  f1-score   support

           0       0.94      0.89      0.92      9711
           1       0.80      0.81      0.80      2421
           2       0.93      0.92      0.93      7458
           3       0.18      0.79      0.29       200
           4       0.86      0.82      0.84      2754

    accuracy                           0.88     22544
   macro avg       0.74      0.85      0.75     22544
weighted avg       0.91      0.88      0.89     22544

Confusion Matrix:
[[8664  363  156  321  207]
 [   1 1958  312  105   45]
 [ 300  123 6872   67   96]
 [  22    8    1  157   12]
 [ 231    7   14  245 2257]]
