Epoch: 172
20201115_023338
Accuracy: 0.8832948899929027
Classification Report:
              precision    recall  f1-score   support

           0       0.93      0.89      0.91      9711
           1       0.83      0.81      0.82      2421
           2       0.94      0.94      0.94      7458
           3       0.24      0.89      0.38       200
           4       0.78      0.76      0.77      2754

    accuracy                           0.88     22544
   macro avg       0.75      0.86      0.77     22544
weighted avg       0.90      0.88      0.89     22544

Confusion Matrix:
[[8673  272  157   63  546]
 [ 125 1953  263   74    6]
 [ 296  116 7006   32    8]
 [   1    0    0  178   21]
 [ 242    7   16  386 2103]]
