Epoch: 161
20201115_165558
Accuracy: 0.8833836053938964
Classification Report:
              precision    recall  f1-score   support

           0       0.89      0.95      0.92      9711
           1       0.87      0.85      0.86      2421
           2       0.94      0.89      0.91      7458
           3       0.29      0.59      0.39       200
           4       0.80      0.68      0.74      2754

    accuracy                           0.88     22544
   macro avg       0.76      0.79      0.76     22544
weighted avg       0.89      0.88      0.88     22544

Confusion Matrix:
[[9253  210  127   24   97]
 [  87 2055  228   29   22]
 [ 416   86 6609    3  344]
 [  20   11   43  118    8]
 [ 608    7   30  229 1880]]
