Epoch: 178
20201115_165851
Accuracy: 0.8835166784953868
Classification Report:
              precision    recall  f1-score   support

           0       0.89      0.95      0.92      9711
           1       0.87      0.84      0.85      2421
           2       0.93      0.88      0.90      7458
           3       0.35      0.48      0.41       200
           4       0.80      0.72      0.76      2754

    accuracy                           0.88     22544
   macro avg       0.77      0.78      0.77     22544
weighted avg       0.88      0.88      0.88     22544

Confusion Matrix:
[[9256  206  128   24   97]
 [  74 2024  259   26   38]
 [ 477   80 6550    2  349]
 [  22   11   61   97    9]
 [ 598    7   33  125 1991]]
