Epoch: 62
20201115_030420
Accuracy: 0.8838271823988645
Classification Report:
              precision    recall  f1-score   support

           0       0.94      0.92      0.93      9711
           1       0.86      0.84      0.85      2421
           2       0.91      0.89      0.90      7458
           3       0.27      0.81      0.40       200
           4       0.79      0.80      0.79      2754

    accuracy                           0.88     22544
   macro avg       0.75      0.85      0.77     22544
weighted avg       0.90      0.88      0.89     22544

Confusion Matrix:
[[8887  214  355   32  223]
 [   4 2035  149  228    5]
 [ 313  116 6647   42  340]
 [  11    2   13  163   11]
 [ 236    6  177  142 2193]]
