Epoch: 60
20201115_030400
Accuracy: 0.8841820440028388
Classification Report:
              precision    recall  f1-score   support

           0       0.94      0.91      0.92      9711
           1       0.78      0.83      0.81      2421
           2       0.95      0.89      0.92      7458
           3       0.25      0.81      0.38       200
           4       0.78      0.83      0.80      2754

    accuracy                           0.88     22544
   macro avg       0.74      0.86      0.77     22544
weighted avg       0.90      0.88      0.89     22544

Confusion Matrix:
[[8827  437  138   34  275]
 [   4 2020  107  280   10]
 [ 302  120 6628   44  364]
 [   9    0   16  163   12]
 [ 242    6   81  130 2295]]
