Epoch: 138
20201115_165159
Accuracy: 0.8843151171043293
Classification Report:
              precision    recall  f1-score   support

           0       0.89      0.95      0.92      9711
           1       0.87      0.85      0.86      2421
           2       0.93      0.88      0.90      7458
           3       0.38      0.52      0.44       200
           4       0.81      0.72      0.76      2754

    accuracy                           0.88     22544
   macro avg       0.78      0.78      0.78     22544
weighted avg       0.89      0.88      0.88     22544

Confusion Matrix:
[[9252  206  138   21   94]
 [  59 2055  257   27   23]
 [ 483   79 6546    5  345]
 [  19    3   66  103    9]
 [ 618    7   34  115 1980]]
