Epoch: 60
20201115_030355
Accuracy: 0.8843151171043293
Classification Report:
              precision    recall  f1-score   support

           0       0.89      0.95      0.92      9711
           1       0.88      0.77      0.82      2421
           2       0.92      0.91      0.92      7458
           3       0.25      0.74      0.37       200
           4       0.89      0.68      0.77      2754

    accuracy                           0.88     22544
   macro avg       0.77      0.81      0.76     22544
weighted avg       0.90      0.88      0.89     22544

Confusion Matrix:
[[9227  187  120   28  149]
 [  57 1855  343  111   55]
 [ 331   61 6824  232   10]
 [   6    5   19  148   22]
 [ 690    3  104   75 1882]]
