Epoch: 96
20201115_174328
Accuracy: 0.8844481902058198
Classification Report:
              precision    recall  f1-score   support

           0       0.91      0.90      0.90      9711
           1       0.70      0.90      0.79      2421
           2       0.95      0.93      0.94      7458
           3       0.20      0.26      0.23       200
           4       0.90      0.74      0.81      2754

    accuracy                           0.88     22544
   macro avg       0.73      0.75      0.73     22544
weighted avg       0.89      0.88      0.89     22544

Confusion Matrix:
[[8729  680  143   26  133]
 [  10 2179  176   17   39]
 [ 303  127 6930   73   25]
 [   7  105    7   51   30]
 [ 572   12   34   86 2050]]
