Epoch: 20
20201115_204746
Accuracy: 0.8865773598296665
Classification Report:
              precision    recall  f1-score   support

           0       0.90      0.93      0.91      9711
           1       0.73      0.86      0.79      2421
           2       0.96      0.92      0.94      7458
           3       0.19      0.32      0.24       200
           4       0.91      0.72      0.81      2754

    accuracy                           0.89     22544
   macro avg       0.74      0.75      0.74     22544
weighted avg       0.89      0.89      0.89     22544

Confusion Matrix:
[[9015  447   96   30  123]
 [  76 2081  201   60    3]
 [ 323  197 6840   45   53]
 [  12  111    0   63   14]
 [ 605    5   24  132 1988]]
