Epoch: 102
20201115_031057
Accuracy: 0.8868435060326473
Classification Report:
              precision    recall  f1-score   support

           0       0.93      0.94      0.93      9711
           1       0.87      0.83      0.85      2421
           2       0.93      0.90      0.91      7458
           3       0.21      0.77      0.33       200
           4       0.80      0.75      0.77      2754

    accuracy                           0.89     22544
   macro avg       0.75      0.84      0.76     22544
weighted avg       0.90      0.89      0.89     22544

Confusion Matrix:
[[9081  217  119   34  260]
 [   7 2019  134  256    5]
 [ 300   82 6685  149  242]
 [  11    4   17  154   14]
 [ 325    8  227  140 2054]]
