Epoch: 98
20201115_031017
Accuracy: 0.8870652945351313
Classification Report:
              precision    recall  f1-score   support

           0       0.94      0.93      0.94      9711
           1       0.86      0.83      0.85      2421
           2       0.92      0.89      0.91      7458
           3       0.26      0.79      0.39       200
           4       0.78      0.76      0.77      2754

    accuracy                           0.89     22544
   macro avg       0.75      0.84      0.77     22544
weighted avg       0.90      0.89      0.89     22544

Confusion Matrix:
[[9076  213  124   30  268]
 [   6 2020  154  234    7]
 [ 306  101 6652  100  299]
 [  12    0   16  158   14]
 [ 284    3  283   92 2092]]
