Epoch: 188
20201115_023627
Accuracy: 0.8877750177430802
Classification Report:
              precision    recall  f1-score   support

           0       0.94      0.90      0.92      9711
           1       0.79      0.81      0.80      2421
           2       0.93      0.94      0.93      7458
           3       0.19      0.79      0.30       200
           4       0.92      0.80      0.86      2754

    accuracy                           0.89     22544
   macro avg       0.75      0.85      0.76     22544
weighted avg       0.91      0.89      0.90     22544

Confusion Matrix:
[[8700  353  147  348  163]
 [   0 1966  371   80    4]
 [ 306  145 6975    6   26]
 [  26    7    0  157   10]
 [ 253    7   26  252 2216]]
