Epoch: 69
20201115_021620
Accuracy: 0.8878637331440739
Classification Report:
              precision    recall  f1-score   support

           0       0.95      0.89      0.92      9711
           1       0.79      0.80      0.79      2421
           2       0.91      0.94      0.93      7458
           3       0.23      0.78      0.36       200
           4       0.87      0.83      0.85      2754

    accuracy                           0.89     22544
   macro avg       0.75      0.85      0.77     22544
weighted avg       0.90      0.89      0.89     22544

Confusion Matrix:
[[8615  411  371   74  240]
 [  20 1946  279  119   57]
 [ 298  111 7016    6   27]
 [  28    2    7  156    7]
 [ 133    6   21  311 2283]]
