Epoch: 137
20201115_022748
Accuracy: 0.888262952448545
Classification Report:
              precision    recall  f1-score   support

           0       0.93      0.89      0.91      9711
           1       0.78      0.81      0.80      2421
           2       0.91      0.94      0.92      7458
           3       0.31      0.82      0.45       200
           4       0.91      0.81      0.85      2754

    accuracy                           0.89     22544
   macro avg       0.77      0.85      0.79     22544
weighted avg       0.90      0.89      0.89     22544

Confusion Matrix:
[[8678  404  393   60  176]
 [  61 1957  321   64   18]
 [ 303  121 7000    8   26]
 [  19    5    0  165   11]
 [ 267    7   20  235 2225]]
