Epoch: 96
20201115_022053
Accuracy: 0.8884403832505323
Classification Report:
              precision    recall  f1-score   support

           0       0.94      0.89      0.92      9711
           1       0.74      0.81      0.77      2421
           2       0.93      0.94      0.93      7458
           3       0.24      0.79      0.37       200
           4       0.88      0.83      0.86      2754

    accuracy                           0.89     22544
   macro avg       0.75      0.85      0.77     22544
weighted avg       0.90      0.89      0.89     22544

Confusion Matrix:
[[8631  540  240   72  228]
 [  37 1956  280  113   35]
 [ 308  119 6993    6   32]
 [  23    5    5  158    9]
 [ 141    8   18  296 2291]]
