Epoch: 747
20201115_045714
Accuracy: 0.8893275372604684
Classification Report:
              precision    recall  f1-score   support

           0       0.91      0.92      0.92      9711
           1       0.80      0.88      0.84      2421
           2       0.95      0.90      0.92      7458
           3       0.36      0.73      0.48       200
           4       0.83      0.77      0.80      2754

    accuracy                           0.89     22544
   macro avg       0.77      0.84      0.79     22544
weighted avg       0.90      0.89      0.89     22544

Confusion Matrix:
[[8960  414  171   43  123]
 [  11 2126  192   85    7]
 [ 305   94 6699   57  303]
 [  22    9   12  147   10]
 [ 544    7    9   77 2117]]
