Epoch: 58
20201115_030340
Accuracy: 0.8894606103619588
Classification Report:
              precision    recall  f1-score   support

           0       0.94      0.94      0.94      9711
           1       0.86      0.83      0.85      2421
           2       0.93      0.90      0.91      7458
           3       0.24      0.82      0.38       200
           4       0.78      0.77      0.77      2754

    accuracy                           0.89     22544
   macro avg       0.75      0.85      0.77     22544
weighted avg       0.90      0.89      0.89     22544

Confusion Matrix:
[[9081  215  143   39  233]
 [   4 2014  109  282   12]
 [ 291  107 6678   48  334]
 [   7    2   14  165   12]
 [ 243    7  247  143 2114]]
