Epoch: 46
20201112_182122
Accuracy: 0.8942512420156139
Classification Report:
              precision    recall  f1-score   support

           0       0.93      0.93      0.93      9711
           1       0.84      0.77      0.80      2421
           2       0.96      0.93      0.94      7458
           3       0.12      0.43      0.19       200
           4       0.83      0.81      0.82      2754

    accuracy                           0.89     22544
   macro avg       0.74      0.77      0.74     22544
weighted avg       0.91      0.89      0.90     22544

Confusion Matrix:
[[9061  207  106   70  267]
 [ 175 1862  176   77  131]
 [ 365   34 6914   82   63]
 [   8   95    1   86   10]
 [  87   17   17  396 2237]]
