70
20201023_150850
0.8662615330021292
              precision    recall  f1-score   support

           0       0.92      0.85      0.88      9711
           1       0.81      0.85      0.83      2421
           2       0.90      0.88      0.89      7458
           3       0.37      0.76      0.50       200
           4       0.77      0.92      0.84      2754

    accuracy                           0.87     22544
   macro avg       0.75      0.85      0.79     22544
weighted avg       0.88      0.87      0.87     22544

[[8209  242  611   68  581]
 [   6 2059  145   66  145]
 [ 654  192 6578   15   19]
 [  20    3    3  152   22]
 [  62   38   12  111 2531]]
