88
20201023_150955
0.8678584102200142
              precision    recall  f1-score   support

           0       0.91      0.86      0.89      9711
           1       0.75      0.84      0.79      2421
           2       0.91      0.88      0.90      7458
           3       0.37      0.77      0.49       200
           4       0.80      0.89      0.85      2754

    accuracy                           0.87     22544
   macro avg       0.75      0.85      0.78     22544
weighted avg       0.88      0.87      0.87     22544

[[8356  399  483   69  404]
 [   9 2024  146   71  171]
 [ 659  200 6571   18   10]
 [  20    5    3  153   19]
 [ 114   58   13  108 2461]]
