95
20201023_151020
0.8689673527324343
              precision    recall  f1-score   support

           0       0.91      0.86      0.89      9711
           1       0.74      0.83      0.78      2421
           2       0.93      0.88      0.90      7458
           3       0.34      0.78      0.47       200
           4       0.80      0.89      0.85      2754

    accuracy                           0.87     22544
   macro avg       0.74      0.85      0.78     22544
weighted avg       0.88      0.87      0.87     22544

[[8371  509  361   69  401]
 [  11 2015  154   67  174]
 [ 658  160 6585   45   10]
 [  17    4    3  156   20]
 [ 109   46   11  125 2463]]
